ID: 247
Type: Forest AzaleaTown 52,51 Route34 42,51
Event: RivalEncounter2
Trainers: 
End Trainers
Wild Pokemon: 5 7
[10, 10, 10, 10, 10, 10, 10, 10, 10, 10, 10, 10, 10, 10, 10, 10, 10, 10, 10, 10, 10, 10, 10, 10, 10, 13, 13, 13, 13, 13, 13, 13, 13, 13, 13, 13, 13, 13, 13, 13, 13, 13, 13, 13, 13, 11, 11, 11, 11, 11, 11, 11, 11, 11, 11, 11, 11, 11, 11, 11, 11, 11, 11, 11, 11, 14, 14, 14, 14, 14, 14, 14, 14, 14, 14, 46, 46, 46, 46, 46, 16, 16, 16, 16, 16, 129, 129, 129, 129, 129, 60, 60, 60, 60, 60, 214, 214, 214, 214, 214]
[10, 10, 10, 10, 10, 10, 10, 10, 10, 10, 10, 10, 10, 10, 10, 10, 10, 10, 10, 10, 10, 10, 10, 10, 10, 13, 13, 13, 13, 13, 13, 13, 13, 13, 13, 13, 13, 13, 13, 13, 13, 13, 13, 13, 13, 11, 11, 11, 11, 11, 11, 11, 11, 11, 11, 11, 11, 11, 11, 11, 11, 11, 11, 11, 11, 14, 14, 14, 14, 14, 14, 14, 14, 14, 14, 46, 46, 46, 46, 46, 16, 16, 16, 16, 16, 129, 129, 129, 129, 129, 60, 60, 60, 60, 60, 214, 214, 214, 214, 214]
[43, 43, 43, 43, 43, 43, 43, 43, 43, 43, 43, 43, 43, 43, 43, 43, 43, 43, 43, 43, 43, 43, 43, 43, 43, 43, 43, 43, 43, 43, 43, 43, 43, 43, 43, 48, 48, 48, 48, 48, 48, 48, 48, 48, 48, 48, 48, 48, 48, 48, 48, 48, 48, 48, 48, 48, 48, 48, 48, 48, 48, 48, 48, 48, 48, 54, 54, 54, 54, 54, 54, 54, 54, 54, 54, 46, 46, 46, 46, 46, 163, 163, 163, 163, 163, 129, 129, 129, 129, 129, 60, 60, 60, 60, 60, 214, 214, 214, 214, 214]
Menu: 
End Menu
