ID: 293
Type: Cave Route42A 62,11 Route42B 69,11
Event: N/A
Trainers: 
Trainer: 31 Hiker Benjamin 120 270 Sprites\Hiker.png
   Pokemon: 28 85 30 0 -1 70 false false null null Male [188 20 20, 144 35 35, 174 15 15, 40 40 40]__[1, 1, 1, 1, 1, 1]__[0, 0, 0, 0, 0, 0]__[85, 65, 71, 32, 38, 44]
   Pokemon: 51 61 30 0 -1 70 false false null null Female [174 15 15, 43 10 10, 114 30 30, 82 40 40]__[1, 1, 1, 1, 1, 1]__[0, 0, 0, 0, 0, 0]__[61, 53, 35, 35, 47, 77]
   Pokemon: 50 46 30 0 -1 70 false false null null Male [174 15 15, 43 10 10, 114 30 30, 82 40 40]__[1, 1, 1, 1, 1, 1]__[0, 0, 0, 0, 0, 0]__[46, 38, 20, 26, 32, 62]
   Pokemon: 50 46 30 0 -1 70 false false null null Male [174 15 15, 43 10 10, 114 30 30, 82 40 40]__[1, 1, 1, 1, 1, 1]__[0, 0, 0, 0, 0, 0]__[46, 38, 20, 26, 32, 62]
   Pokemon: 213 52 30 0 -1 70 false false null null Female [15 10 10, 173 25 25, 58 5 5, 250 20 20]__[1, 1, 1, 1, 1, 1]__[0, 0, 0, 0, 0, 0]__[52, 11, 143, 11, 143, 8]
   Pokemon: 213 52 30 0 -1 70 false false null null Male [15 10 10, 173 25 25, 58 5 5, 250 20 20]__[1, 1, 1, 1, 1, 1]__[0, 0, 0, 0, 0, 0]__[52, 11, 143, 11, 143, 8]
 End Trainer
Trainer: 32 Blackbelt Kiyo 1200 270 Sprites\Blackbelt.png
   Pokemon: 106 78 34 0 -1 70 false false null null Male [125 5 5, 90 20 20, 73 30 30, 102 20 20]__[1, 1, 1, 1, 1, 1]__[0, 0, 0, 0, 0, 0]__[78, 87, 41, 29, 80, 64]
   Pokemon: 107 78 34 0 -1 70 false false null null Male [113 30 30, 65 15 15, 99 15 15, 233 15 15]__[1, 1, 1, 1, 1, 1]__[0, 0, 0, 0, 0, 0]__[78, 77, 59, 29, 80, 57]
   Pokemon: 237 78 34 0 -1 70 false false null null Male [34 20 20, 158 40 40, 155 30 30, 154 20 20]__[1, 1, 1, 1, 1, 1]__[0, 0, 0, 0, 0, 0]__[78, 70, 70, 29, 80, 53]
 End Trainer
End Trainers
Wild Pokemon: 24 28
[66, 66, 66, 66, 66, 66, 66, 66, 66, 66, 66, 66, 66, 66, 66, 66, 66, 66, 66, 66, 20, 20, 20, 20, 20, 20, 20, 20, 20, 20, 20, 20, 20, 20, 20, 20, 20, 20, 20, 20, 74, 74, 74, 74, 74, 74, 74, 74, 74, 74, 74, 74, 74, 74, 74, 74, 74, 74, 74, 74, 138, 138, 138, 138, 138, 138, 138, 138, 138, 138, 140, 140, 140, 140, 140, 140, 140, 140, 140, 140, 236, 236, 236, 236, 236, 236, 236, 236, 236, 236, 236, 236, 236, 236, 236, 236, 236, 236, 236, 236]
[66, 66, 66, 66, 66, 66, 66, 66, 66, 66, 66, 66, 66, 66, 66, 66, 66, 66, 66, 66, 20, 20, 20, 20, 20, 20, 20, 20, 20, 20, 20, 20, 20, 20, 20, 20, 20, 20, 20, 20, 74, 74, 74, 74, 74, 74, 74, 74, 74, 74, 74, 74, 74, 74, 74, 74, 74, 74, 74, 74, 138, 138, 138, 138, 138, 138, 138, 138, 138, 138, 140, 140, 140, 140, 140, 140, 140, 140, 140, 140, 236, 236, 236, 236, 236, 236, 236, 236, 236, 236, 236, 236, 236, 236, 236, 236, 236, 236, 236, 236]
[183, 183, 183, 183, 183, 183, 183, 183, 183, 183, 183, 183, 183, 183, 183, 183, 183, 183, 183, 183, 42, 42, 42, 42, 42, 42, 42, 42, 42, 42, 42, 42, 42, 42, 42, 42, 42, 42, 42, 42, 74, 74, 74, 74, 74, 74, 74, 74, 74, 74, 74, 74, 74, 74, 74, 74, 74, 74, 74, 74, 138, 138, 138, 138, 138, 138, 138, 138, 138, 138, 140, 140, 140, 140, 140, 140, 140, 140, 140, 140, 131, 131, 131, 236, 236, 236, 236, 236, 236, 236, 236, 236, 236, 236, 236, 236, 236, 236, 236, 236]
Menu: 
End Menu
