ID: 272
Type: Cave Route28 4,23
Event: N/A
Trainers: 
EliteTrainer: 125 Red 1200 270 Sprites\Red.png 8
   Pokemon: 25 172 81 0 -1 70 false false null null Male [109 30 30, 230 10 10, 5 30 30, 232 15 15]__[7, 7, 7, 7, 7, 7]__[0, 0, 0, 0, 0, 0]__[172, 118, 77, 110, 94, 175]
   Pokemon: 196 199 73 0 -1 70 false false null null Male [131 5 5, 152 10 10, 162 20 20, 132 10 10]__[7, 7, 7, 7, 7, 7]__[0, 0, 0, 0, 0, 0]__[199, 121, 114, 216, 165, 187]
   Pokemon: 143 347 75 0 -1 70 false false null null Female [6 20 20, 195 15 15, 19 15 15, 163 10 10]__[7, 7, 7, 7, 7, 7]__[0, 0, 0, 0, 0, 0]__[347, 192, 125, 125, 192, 72]
   Pokemon: 3 233 77 0 -1 70 false false null null Male [197 10 10, 223 5 5, 80 5 5, 214 5 5]__[7, 7, 7, 7, 7, 7]__[0, 0, 0, 0, 0, 0]__[233, 154, 155, 182, 182, 151]
   Pokemon: 6 230 77 0 -1 70 false false null null Male [66 15 15, 70 15 15, 188 20 20, 248 35 35]__[7, 7, 7, 7, 7, 7]__[0, 0, 0, 0, 0, 0]__[230, 157, 148, 195, 159, 182]
   Pokemon: 9 231 77 0 -1 70 false false null null Male [217 15 15, 185 15 15, 18 5 5, 149 10 10]__[7, 7, 7, 7, 7, 7]__[0, 0, 0, 0, 0, 0]__[231, 155, 182, 159, 189, 148]
 End Trainer
End Trainers
Wild Pokemon: 42 45
[75, 75, 75, 75, 75, 75, 75, 75, 75, 75, 75, 75, 75, 75, 75, 75, 75, 75, 75, 75, 75, 75, 75, 75, 75, 75, 75, 75, 75, 75, 75, 75, 75, 75, 75, 75, 75, 75, 75, 75, 95, 95, 95, 95, 95, 95, 95, 95, 95, 95, 95, 95, 95, 95, 95, 95, 95, 95, 95, 95, 95, 95, 95, 95, 95, 95, 95, 95, 95, 95, 126, 126, 126, 126, 126, 126, 126, 126, 126, 126, 126, 126, 126, 126, 126, 126, 126, 126, 126, 126, 126, 126, 126, 126, 126, 142, 142, 142, 142, 142]
[75, 75, 75, 75, 75, 75, 75, 75, 75, 75, 75, 75, 75, 75, 75, 75, 75, 75, 75, 75, 75, 75, 75, 75, 75, 75, 75, 75, 75, 75, 217, 217, 217, 217, 217, 217, 217, 217, 217, 217, 217, 217, 217, 217, 217, 217, 217, 217, 217, 217, 217, 217, 217, 217, 217, 217, 217, 217, 217, 217, 95, 95, 95, 95, 95, 95, 95, 95, 95, 95, 95, 95, 95, 95, 95, 95, 95, 95, 95, 95, 126, 126, 126, 126, 126, 126, 126, 126, 126, 126, 246, 246, 246, 246, 246, 142, 142, 142, 142, 142]
[42, 42, 42, 42, 42, 42, 42, 42, 42, 42, 42, 42, 42, 42, 42, 42, 42, 42, 42, 42, 42, 42, 42, 42, 42, 42, 42, 42, 42, 42, 42, 42, 42, 42, 42, 75, 75, 75, 75, 75, 75, 75, 75, 75, 75, 75, 75, 75, 75, 75, 75, 75, 75, 75, 75, 75, 75, 75, 75, 75, 95, 95, 95, 95, 95, 95, 95, 95, 95, 95, 95, 95, 95, 95, 95, 95, 95, 95, 95, 95, 55, 55, 55, 55, 55, 200, 200, 200, 200, 200, 200, 200, 200, 200, 200, 142, 142, 142, 142, 142]
Menu: 
End Menu
