ID: 211
Type: Kanto
Event: N/A
Trainers: 
Trainer: 49 Fisherman Barny 1050 300 Sprites\Fisherman.png
   Pokemon: 130 120 38 0 -1 70 false false null null Female [240 20 20, 107 30 30, 50 10 10, 17 25 25]__[1, 1, 1, 1, 1, 1]__[0, 0, 0, 0, 0, 0]__[120, 100, 65, 51, 81, 67]
   Pokemon: 130 120 38 0 -1 70 false false null null Male [240 20 20, 107 30 30, 50 10 10, 17 25 25]__[1, 1, 1, 1, 1, 1]__[0, 0, 0, 0, 0, 0]__[120, 100, 65, 51, 81, 67]
   Pokemon: 130 120 38 0 -1 70 false false null null Male [240 20 20, 107 30 30, 50 10 10, 17 25 25]__[1, 1, 1, 1, 1, 1]__[0, 0, 0, 0, 0, 0]__[120, 100, 65, 51, 81, 67]
   Pokemon: 73 109 38 0 -1 70 false false null null Male [11 30 30, 250 20 20, 24 20 20, 2 30 30]__[1, 1, 1, 1, 1, 1]__[0, 0, 0, 0, 0, 0]__[109, 58, 55, 66, 96, 81]
   Pokemon: 73 109 38 0 -1 70 false false null null Female [11 30 30, 250 20 20, 24 20 20, 2 30 30]__[1, 1, 1, 1, 1, 1]__[0, 0, 0, 0, 0, 0]__[109, 58, 55, 66, 96, 81]
   Pokemon: 73 109 38 0 -1 70 false false null null Female [11 30 30, 250 20 20, 24 20 20, 2 30 30]__[1, 1, 1, 1, 1, 1]__[0, 0, 0, 0, 0, 0]__[109, 58, 55, 66, 96, 81]
 End Trainer
End Trainers
Wild Pokemon: 23 25
[30, 30, 30, 30, 30, 30, 30, 30, 30, 30, 30, 30, 30, 30, 30, 30, 30, 30, 30, 30, 33, 33, 33, 33, 33, 33, 33, 33, 33, 33, 33, 33, 33, 33, 33, 33, 33, 33, 33, 33, 17, 17, 17, 17, 17, 17, 17, 17, 17, 17, 17, 17, 17, 17, 17, 188, 188, 188, 188, 188, 188, 188, 188, 188, 188, 188, 188, 188, 188, 188, 188, 188, 113, 113, 113, 72, 72, 72, 72, 72, 72, 72, 72, 72, 72, 73, 73, 73, 73, 73, 73, 73, 73, 73, 73, 211, 211, 211, 211, 211]
[30, 30, 30, 30, 30, 30, 30, 30, 30, 30, 30, 30, 30, 30, 30, 30, 30, 30, 30, 30, 33, 33, 33, 33, 33, 33, 33, 33, 33, 33, 33, 33, 33, 33, 33, 33, 33, 33, 33, 33, 17, 17, 17, 17, 17, 17, 17, 17, 17, 17, 17, 17, 17, 17, 17, 188, 188, 188, 188, 188, 188, 188, 188, 188, 188, 188, 188, 188, 188, 188, 188, 188, 113, 113, 113, 72, 72, 72, 72, 72, 72, 72, 72, 72, 72, 73, 73, 73, 73, 73, 73, 73, 73, 73, 73, 211, 211, 211, 211, 211]
[195, 195, 195, 195, 195, 195, 195, 195, 195, 195, 195, 195, 195, 195, 195, 195, 195, 195, 195, 195, 195, 195, 48, 48, 48, 48, 48, 48, 48, 48, 48, 48, 48, 48, 48, 48, 48, 48, 48, 48, 48, 48, 164, 164, 164, 164, 164, 164, 164, 164, 164, 164, 164, 164, 164, 164, 164, 164, 164, 164, 164, 164, 49, 49, 49, 49, 49, 49, 49, 49, 49, 49, 113, 113, 113, 72, 72, 72, 72, 72, 72, 72, 72, 72, 72, 73, 73, 73, 73, 73, 73, 73, 73, 73, 73, 211, 211, 211, 211, 211]
Menu: 
End Menu
