ID: 234
Type: Johto
Event: N/A
Trainers: 
Trainer: 83 Bird Keeper Toby 425 85 Sprites\BirdKeeper.png
   Pokemon: 84 37 16 0 -1 70 false false null null Male [76 20 20, 154 20 20, 82 40 40, 139 35 35]__[1, 1, 1, 1, 1, 1]__[0, 0, 0, 0, 0, 0]__[37, 32, 19, 16, 16, 29]
   Pokemon: 84 37 16 0 -1 70 false false null null Female [76 20 20, 154 20 20, 82 40 40, 139 35 35]__[1, 1, 1, 1, 1, 1]__[0, 0, 0, 0, 0, 0]__[37, 32, 19, 16, 16, 29]
   Pokemon: 84 37 16 0 -1 70 false false null null Female [76 20 20, 154 20 20, 82 40 40, 139 35 35]__[1, 1, 1, 1, 1, 1]__[0, 0, 0, 0, 0, 0]__[37, 32, 19, 16, 16, 29]
   Pokemon: 21 39 16 0 -1 70 false false null null Male [76 20 20, 107 30 30, 82 40 40, 139 35 35]__[1, 1, 1, 1, 1, 1]__[0, 0, 0, 0, 0, 0]__[39, 24, 14, 15, 15, 27]
   Pokemon: 21 39 16 0 -1 70 false false null null Female [76 20 20, 107 30 30, 82 40 40, 139 35 35]__[1, 1, 1, 1, 1, 1]__[0, 0, 0, 0, 0, 0]__[39, 24, 14, 15, 15, 27]
   Pokemon: 21 39 16 0 -1 70 false false null null Female [76 20 20, 107 30 30, 82 40 40, 139 35 35]__[1, 1, 1, 1, 1, 1]__[0, 0, 0, 0, 0, 0]__[39, 24, 14, 15, 15, 27]
 End Trainer
Trainer: 84 Schoolboy Chad 360 85 Sprites\Schoolboy.png
   Pokemon: 54 42 16 0 -1 70 false false null null Female [29 25 25, 44 20 20, 225 30 30, 177 35 35]__[1, 1, 1, 1, 1, 1]__[0, 0, 0, 0, 0, 0]__[42, 21, 20, 26, 21, 22]
   Pokemon: 122 39 16 0 -1 70 false false null null Female [116 40 40, 213 10 10, 29 25 25, 11 30 30]__[1, 1, 1, 1, 1, 1]__[0, 0, 0, 0, 0, 0]__[39, 19, 26, 37, 43, 34]
   Pokemon: 180 48 16 0 -1 70 false false null null Female [234 30 30, 82 40 40, 224 35 35, null]__[1, 1, 1, 1, 1, 1]__[0, 0, 0, 0, 0, 0]__[48, 22, 22, 30, 24, 19]
   Pokemon: 188 43 16 0 -1 70 false false null null Male [211 30 30, 145 35 35, 224 35 35, 225 30 30]__[1, 1, 1, 1, 1, 1]__[0, 0, 0, 0, 0, 0]__[43, 19, 21, 19, 26, 30]
   Pokemon: 194 43 16 0 -1 70 false false null null Male [187 20 20, 225 30 30, 244 25 25, null]__[1, 1, 1, 1, 1, 1]__[0, 0, 0, 0, 0, 0]__[43, 19, 19, 13, 13, 10]
   Pokemon: 222 43 16 0 -1 70 false false null null Female [23 30 30, 86 30 30, 224 35 35, null]__[1, 1, 1, 1, 1, 1]__[0, 0, 0, 0, 0, 0]__[43, 22, 32, 26, 32, 16]
 End Trainer
Trainer: 85 Kimono Girl Naoko 300 85 Sprites\KimonoGirl.png
   Pokemon: 134 71 17 0 -1 70 false false null null Female [244 25 25, 174 15 15, 225 30 30, 224 35 35]__[1, 1, 1, 1, 1, 1]__[0, 0, 0, 0, 0, 0]__[71, 27, 25, 42, 37, 27]
   Pokemon: 135 49 17 0 -1 70 false false null null Female [234 30 30, 174 15 15, 225 30 30, 224 35 35]__[1, 1, 1, 1, 1, 1]__[0, 0, 0, 0, 0, 0]__[49, 27, 25, 42, 37, 49]
   Pokemon: 136 49 17 0 -1 70 false false null null Female [57 25 25, 174 15 15, 225 30 30, 224 35 35]__[1, 1, 1, 1, 1, 1]__[0, 0, 0, 0, 0, 0]__[49, 49, 25, 37, 42, 27]
   Pokemon: 196 49 17 0 -1 70 false false null null Female [29 25 25, 174 15 15, 225 30 30, 224 35 35]__[1, 1, 1, 1, 1, 1]__[0, 0, 0, 0, 0, 0]__[49, 27, 25, 49, 37, 42]
   Pokemon: 197 59 17 0 -1 70 false false null null Female [154 20 20, 174 15 15, 225 30 30, 224 35 35]__[1, 1, 1, 1, 1, 1]__[0, 0, 0, 0, 0, 0]__[59, 27, 42, 25, 49, 27]
   Pokemon: 133 46 17 0 -1 70 false false null null Female [82 40 40, 174 15 15, 225 30 30, 224 35 35]__[1, 1, 1, 1, 1, 1]__[0, 0, 0, 0, 0, 0]__[46, 24, 22, 20, 27, 24]
 End Trainer
End Trainers
Wild Pokemon: 15 16
[19, 19, 19, 19, 19, 19, 19, 19, 19, 19, 19, 19, 19, 19, 19, 20, 20, 20, 20, 20, 20, 20, 20, 20, 20, 20, 20, 20, 20, 20, 20, 20, 20, 20, 20, 20, 20, 20, 20, 20, 20, 20, 20, 20, 20, 81, 81, 81, 81, 81, 81, 81, 81, 81, 81, 81, 81, 81, 81, 81, 81, 81, 81, 81, 81, 17, 17, 17, 17, 17, 17, 17, 17, 17, 17, 128, 128, 128, 128, 128, 241, 241, 241, 241, 241, 133, 133, 133, 133, 133, 133, 133, 133, 133, 133, 133, 133, 133, 133, 133]
[19, 19, 19, 19, 19, 19, 19, 19, 19, 19, 19, 19, 19, 19, 19, 20, 20, 20, 20, 20, 20, 20, 20, 20, 20, 20, 20, 20, 20, 20, 20, 20, 20, 20, 20, 20, 20, 20, 20, 20, 20, 20, 20, 20, 20, 81, 81, 81, 81, 81, 81, 81, 81, 81, 81, 81, 81, 81, 81, 81, 81, 81, 81, 81, 81, 17, 17, 17, 17, 17, 17, 17, 17, 17, 17, 128, 128, 128, 128, 128, 241, 241, 241, 241, 241, 133, 133, 133, 133, 133, 133, 133, 133, 133, 133, 133, 133, 133, 133, 133]
[52, 52, 52, 52, 52, 52, 52, 52, 52, 52, 52, 52, 52, 52, 52, 52, 52, 52, 52, 52, 52, 52, 52, 52, 52, 52, 52, 52, 52, 52, 20, 20, 20, 20, 20, 20, 20, 20, 20, 20, 20, 20, 20, 20, 20, 20, 20, 20, 20, 20, 20, 20, 20, 20, 20, 81, 81, 81, 81, 81, 81, 81, 81, 81, 81, 81, 81, 81, 81, 81, 81, 81, 81, 81, 81, 164, 164, 164, 164, 164, 164, 164, 164, 164, 164, 133, 133, 133, 133, 133, 133, 133, 133, 133, 133, 133, 133, 133, 133, 133]
Menu: 
End Menu
