ID: 207
Type: Kanto
Event: N/A
Trainers: 
Trainer: 103 Biker Zeke 950 210 Sprites\Biker.png
   Pokemon: 109 73 38 0 -1 70 false false null null Female [87 30 30, 194 20 20, 191 20 20, 180 5 5]__[1, 1, 1, 1, 1, 1]__[0, 0, 0, 0, 0, 0]__[73, 51, 72, 47, 37, 30]
   Pokemon: 109 73 38 0 -1 70 false false null null Female [87 30 30, 194 20 20, 191 20 20, 180 5 5]__[1, 1, 1, 1, 1, 1]__[0, 0, 0, 0, 0, 0]__[73, 51, 72, 47, 37, 30]
   Pokemon: 89 122 38 0 -1 70 false false null null Female [86 30 30, 178 10 10, 126 20 20, 146 35 35]__[1, 1, 1, 1, 1, 1]__[0, 0, 0, 0, 0, 0]__[122, 81, 59, 52, 77, 41]
   Pokemon: 89 122 38 0 -1 70 false false null null Male [86 30 30, 178 10 10, 126 20 20, 146 35 35]__[1, 1, 1, 1, 1, 1]__[0, 0, 0, 0, 0, 0]__[122, 81, 59, 52, 77, 41]
   Pokemon: 81 63 38 0 -1 70 false false null null Genderless [221 20 20, 110 5 5, 231 20 20, 198 20 20]__[1, 1, 1, 1, 1, 1]__[0, 0, 0, 0, 0, 0]__[63, 30, 54, 72, 44, 37]
   Pokemon: 81 63 38 0 -1 70 false false null null Genderless [221 20 20, 110 5 5, 231 20 20, 198 20 20]__[1, 1, 1, 1, 1, 1]__[0, 0, 0, 0, 0, 0]__[63, 30, 54, 72, 44, 37]
 End Trainer
End Trainers
Wild Pokemon: 16 20
[17, 17, 17, 17, 17, 17, 17, 17, 17, 17, 17, 17, 17, 17, 17, 17, 17, 17, 17, 17, 209, 209, 209, 209, 209, 209, 209, 209, 209, 209, 209, 209, 209, 209, 209, 209, 209, 209, 209, 209, 209, 209, 209, 209, 209, 209, 209, 209, 209, 209, 63, 63, 63, 63, 63, 63, 63, 63, 63, 63, 63, 63, 63, 63, 63, 63, 63, 63, 63, 63, 58, 58, 58, 58, 58, 58, 58, 58, 58, 58, 39, 39, 39, 39, 39, 64, 64, 64, 64, 64, 37, 37, 37, 37, 37, 37, 37, 37, 37, 37]
[17, 17, 17, 17, 17, 17, 17, 17, 17, 17, 17, 17, 17, 17, 17, 17, 17, 17, 17, 17, 209, 209, 209, 209, 209, 209, 209, 209, 209, 209, 209, 209, 209, 209, 209, 209, 209, 209, 209, 209, 209, 209, 209, 209, 209, 209, 209, 209, 209, 209, 63, 63, 63, 63, 63, 63, 63, 63, 63, 63, 63, 63, 63, 63, 63, 63, 63, 63, 63, 63, 58, 58, 58, 58, 58, 58, 58, 58, 58, 58, 39, 39, 39, 39, 39, 64, 64, 64, 64, 64, 37, 37, 37, 37, 37, 37, 37, 37, 37, 37]
[164, 164, 164, 164, 164, 164, 164, 164, 164, 164, 164, 164, 164, 164, 164, 164, 164, 164, 164, 164, 52, 52, 52, 52, 52, 52, 52, 52, 52, 52, 52, 52, 52, 52, 52, 52, 52, 52, 52, 52, 52, 52, 52, 52, 52, 52, 52, 52, 52, 52, 63, 63, 63, 63, 63, 63, 63, 63, 63, 63, 63, 63, 63, 63, 63, 63, 63, 63, 63, 63, 93, 93, 93, 93, 93, 93, 93, 93, 93, 93, 39, 39, 39, 39, 39, 64, 64, 64, 64, 64, 37, 37, 37, 37, 37, 37, 37, 37, 37, 37]
Menu: 
End Menu
