ID: 215
Type: Kanto
Event: N/A
Trainers: 
Trainer: 54 Biker Joel 500 400 Sprites\Biker.png
   Pokemon: 110 98 38 0 -1 70 false false null null Female [87 30 30, 194 20 20, 191 20 20, 180 5 5]__[1, 1, 1, 1, 1, 1]__[0, 0, 0, 0, 0, 0]__[98, 74, 96, 70, 58, 51]
   Pokemon: 110 98 38 0 -1 70 false false null null Male [87 30 30, 194 20 20, 191 20 20, 180 5 5]__[1, 1, 1, 1, 1, 1]__[0, 0, 0, 0, 0, 0]__[98, 74, 96, 70, 58, 51]
   Pokemon: 110 98 38 0 -1 70 false false null null Female [87 30 30, 194 20 20, 191 20 20, 180 5 5]__[1, 1, 1, 1, 1, 1]__[0, 0, 0, 0, 0, 0]__[98, 74, 96, 70, 58, 51]
   Pokemon: 126 98 38 0 -1 70 false false null null Female [214 5 5, 194 20 20, 65 15 15, 193 20 20]__[1, 1, 1, 1, 1, 1]__[0, 0, 0, 0, 0, 0]__[98, 77, 49, 81, 70, 76]
   Pokemon: 126 98 38 0 -1 70 false false null null Male [214 5 5, 194 20 20, 65 15 15, 193 20 20]__[1, 1, 1, 1, 1, 1]__[0, 0, 0, 0, 0, 0]__[98, 77, 49, 81, 70, 76]
   Pokemon: 5 92 38 0 -1 70 false false null null Female [70 15 15, 176 10 10, 156 20 20, 194 20 20]__[1, 1, 1, 1, 1, 1]__[0, 0, 0, 0, 0, 0]__[92, 54, 49, 66, 55, 66]
 End Trainer
End Trainers
Wild Pokemon: 26 30
[88, 88, 88, 88, 88, 88, 88, 88, 88, 88, 88, 88, 88, 88, 88, 88, 88, 88, 88, 88, 88, 88, 88, 88, 88, 88, 88, 88, 88, 88, 88, 88, 88, 88, 88, 88, 88, 88, 88, 88, 88, 88, 88, 88, 88, 88, 88, 88, 88, 88, 22, 22, 22, 22, 22, 22, 22, 22, 22, 22, 22, 22, 22, 22, 22, 22, 22, 22, 22, 22, 22, 22, 22, 22, 22, 22, 22, 22, 22, 22, 22, 22, 22, 22, 22, 22, 22, 22, 22, 22, 22, 22, 22, 22, 22, 89, 89, 89, 89, 89]
[88, 88, 88, 88, 88, 88, 88, 88, 88, 88, 88, 88, 88, 88, 88, 88, 88, 88, 88, 88, 88, 88, 88, 88, 88, 88, 88, 88, 88, 88, 88, 88, 88, 88, 88, 88, 88, 88, 88, 88, 88, 88, 88, 88, 88, 88, 88, 88, 88, 88, 22, 22, 22, 22, 22, 22, 22, 22, 22, 22, 22, 22, 22, 22, 22, 22, 22, 22, 22, 22, 22, 22, 22, 22, 22, 22, 22, 22, 22, 22, 22, 22, 22, 22, 22, 22, 22, 22, 22, 22, 89, 89, 89, 89, 89, 218, 218, 218, 218, 218]
[88, 88, 88, 88, 88, 88, 88, 88, 88, 88, 88, 88, 88, 88, 88, 88, 88, 88, 88, 88, 88, 88, 88, 88, 88, 88, 88, 88, 88, 88, 88, 88, 88, 88, 88, 88, 88, 88, 88, 88, 88, 88, 88, 88, 88, 88, 88, 88, 88, 88, 88, 88, 88, 88, 88, 88, 88, 88, 88, 88, 88, 88, 88, 88, 88, 88, 88, 88, 88, 88, 88, 88, 88, 88, 88, 88, 88, 88, 88, 88, 198, 198, 198, 198, 198, 198, 198, 198, 198, 198, 198, 198, 198, 198, 198, 89, 89, 89, 89, 89]
Menu: 
End Menu
