ID: 213
Type: Kanto
Event: N/A
Trainers: 
Trainer: 51 PokeFan Trevor 925 390 C:\Users\paris.nelson\Documents\PT\PT\Sprites\PokeFan.png
   Pokemon: 2 94 38 0 -1 70 false false null null Female [83 40 40, 220 20 20, 159 25 25, 189 15 15]__[1, 1, 1, 1, 1, 1]__[0, 0, 0, 0, 0, 0]__[94, 52, 53, 66, 66, 51]
   Pokemon: 5 92 38 0 -1 70 false false null null Female [70 15 15, 176 10 10, 156 20 20, 194 20 20]__[1, 1, 1, 1, 1, 1]__[0, 0, 0, 0, 0, 0]__[92, 54, 49, 66, 55, 66]
   Pokemon: 8 93 38 0 -1 70 false false null null Female [157 5 5, 149 10 10, 158 40 40, 17 25 25]__[1, 1, 1, 1, 1, 1]__[0, 0, 0, 0, 0, 0]__[93, 53, 66, 55, 66, 49]
   Pokemon: 22 98 38 0 -1 70 false false null null Female [128 20 20, 154 20 20, 76 20 20, 107 30 30]__[1, 1, 1, 1, 1, 1]__[0, 0, 0, 0, 0, 0]__[98, 74, 55, 52, 52, 81]
   Pokemon: 83 88 38 0 -1 70 false false null null Female [188 20 20, 5 30 30, 222 30 30, 76 20 20]__[1, 1, 1, 1, 1, 1]__[0, 0, 0, 0, 0, 0]__[88, 55, 47, 49, 52, 51]
   Pokemon: 18 111 38 0 -1 70 false false null null Male [248 35 35, 247 20 20, 155 30 30, 85 35 35]__[1, 1, 1, 1, 1, 1]__[0, 0, 0, 0, 0, 0]__[111, 66, 62, 58, 58, 74]
 End Trainer
End Trainers
Wild Pokemon: 23 25
[30, 30, 30, 30, 30, 30, 30, 30, 30, 30, 30, 30, 30, 30, 30, 30, 30, 30, 30, 30, 30, 30, 30, 30, 30, 30, 30, 30, 30, 30, 33, 33, 33, 33, 33, 33, 33, 33, 33, 33, 33, 33, 33, 33, 33, 33, 33, 33, 33, 33, 33, 33, 33, 33, 33, 33, 33, 33, 33, 33, 17, 17, 17, 17, 17, 17, 17, 17, 17, 17, 17, 17, 17, 17, 17, 17, 17, 17, 17, 17, 188, 188, 188, 188, 188, 188, 188, 188, 188, 188, 188, 188, 188, 188, 188, 188, 188, 113, 113, 113]
[30, 30, 30, 30, 30, 30, 30, 30, 30, 30, 30, 30, 30, 30, 30, 30, 30, 30, 30, 30, 30, 30, 30, 30, 30, 30, 30, 30, 30, 30, 33, 33, 33, 33, 33, 33, 33, 33, 33, 33, 33, 33, 33, 33, 33, 33, 33, 33, 33, 33, 33, 33, 33, 33, 33, 33, 33, 33, 33, 33, 17, 17, 17, 17, 17, 17, 17, 17, 17, 17, 17, 17, 17, 17, 17, 17, 17, 17, 17, 17, 188, 188, 188, 188, 188, 188, 188, 188, 188, 188, 188, 188, 188, 188, 188, 188, 188, 113, 113, 113]
[195, 195, 195, 195, 195, 195, 195, 195, 195, 195, 195, 195, 195, 195, 195, 195, 195, 195, 195, 195, 195, 195, 195, 195, 195, 195, 195, 195, 195, 195, 195, 195, 195, 195, 195, 195, 195, 48, 48, 48, 48, 48, 48, 48, 48, 48, 48, 48, 48, 48, 48, 48, 48, 48, 48, 48, 48, 48, 48, 48, 48, 48, 48, 48, 48, 48, 48, 164, 164, 164, 164, 164, 164, 164, 164, 164, 164, 164, 164, 164, 164, 164, 164, 164, 164, 164, 164, 49, 49, 49, 49, 49, 49, 49, 49, 49, 49, 113, 113, 113]
Menu: 
End Menu
