ID: 227
Type: Johto
Event: N/A
Trainers: 
Trainer: 66 Bug Catcher Don 775 300 Sprites\BugCatcher.png
   Pokemon: 10 15 3 0 -1 70 false false null null Female [209 40 40, 224 35 35, null, null]__[1, 1, 1, 1, 1, 1]__[0, 0, 0, 0, 0, 0]__[15, 6, 7, 6, 6, 7]
   Pokemon: 10 15 3 0 -1 70 false false null null Male [209 40 40, 224 35 35, null, null]__[1, 1, 1, 1, 1, 1]__[0, 0, 0, 0, 0, 0]__[15, 6, 7, 6, 6, 7]
 End Trainer
Trainer: 67 Youngster Mikey 775 200 Sprites\Youngster.png
   Pokemon: 16 13 2 0 -1 70 false false null null Male [224 35 35, null, null, null]__[1, 1, 1, 1, 1, 1]__[0, 0, 0, 0, 0, 0]__[13, 6, 6, 6, 6, 7]
   Pokemon: 19 16 4 0 -1 70 false false null null Female [225 30 30, 224 35 35, null, null]__[1, 1, 1, 1, 1, 1]__[0, 0, 0, 0, 0, 0]__[16, 9, 7, 7, 7, 10]
 End Trainer
End Trainers
Wild Pokemon: 3 4
[25, 25, 25, 25, 25, 10, 10, 10, 10, 10, 10, 10, 10, 10, 10, 10, 10, 10, 10, 10, 10, 10, 10, 10, 10, 10, 10, 10, 10, 10, 10, 10, 10, 10, 10, 10, 10, 10, 10, 10, 10, 10, 10, 10, 10, 10, 10, 10, 10, 10, 13, 13, 13, 13, 13, 16, 16, 16, 16, 16, 16, 16, 16, 16, 16, 165, 165, 165, 165, 165, 165, 165, 165, 165, 165, 165, 165, 165, 165, 165, 165, 165, 165, 165, 165, 165, 165, 165, 165, 165, 165, 165, 165, 165, 165]
[25, 25, 25, 25, 25, 10, 10, 10, 10, 10, 10, 10, 10, 10, 10, 10, 10, 10, 10, 10, 10, 10, 10, 10, 10, 10, 10, 10, 10, 10, 10, 10, 10, 10, 10, 10, 10, 10, 10, 10, 10, 10, 10, 10, 10, 10, 10, 10, 10, 10, 13, 13, 13, 13, 13, 16, 16, 16, 16, 16, 16, 16, 16, 16, 16, 16, 16, 16, 16, 16, 16, 16, 16, 16, 16, 16, 16, 16, 16, 16, 16, 16, 16, 16, 16, 16, 16, 16, 16, 16, 16, 16, 16, 16, 16, 187, 187, 187, 187, 187]
[41, 41, 41, 41, 41, 60, 60, 60, 60, 60, 60, 60, 60, 60, 60, 60, 60, 60, 60, 60, 60, 60, 60, 60, 60, 163, 163, 163, 163, 163, 163, 163, 163, 163, 163, 163, 163, 163, 163, 163, 163, 163, 163, 163, 163, 163, 163, 163, 163, 163, 163, 163, 163, 163, 163, 163, 163, 163, 163, 163, 163, 163, 163, 163, 163, 25, 25, 25, 25, 25, 167, 167, 167, 167, 167, 167, 167, 167, 167, 167, 167, 167, 167, 167, 167, 167, 167, 167, 167, 167, 167, 167, 167, 167, 167, 167, 167, 167, 167, 167]
Menu: 
End Menu
