ID: 218
Type: Kanto
Event: N/A
Trainers: 
Trainer: 57 Swimmer Lori 550 525 Sprites\SwimmerF.png
   Pokemon: 121 94 38 0 -1 70 false false null null Genderless [28 10 10, 24 20 20, 161 20 20, 158 40 40]__[1, 1, 1, 1, 1, 1]__[0, 0, 0, 0, 0, 0]__[94, 62, 70, 81, 70, 93]
   Pokemon: 121 94 38 0 -1 70 false false null null Genderless [28 10 10, 24 20 20, 161 20 20, 158 40 40]__[1, 1, 1, 1, 1, 1]__[0, 0, 0, 0, 0, 0]__[94, 62, 70, 81, 70, 93]
   Pokemon: 121 94 38 0 -1 70 false false null null Genderless [28 10 10, 24 20 20, 161 20 20, 158 40 40]__[1, 1, 1, 1, 1, 1]__[0, 0, 0, 0, 0, 0]__[94, 62, 70, 81, 70, 93]
   Pokemon: 87 117 38 0 -1 70 false false null null Male [226 20 20, 163 10 10, 9 20 20, 82 40 40]__[1, 1, 1, 1, 1, 1]__[0, 0, 0, 0, 0, 0]__[117, 58, 66, 58, 77, 58]
   Pokemon: 87 117 38 0 -1 70 false false null null Female [226 20 20, 163 10 10, 9 20 20, 82 40 40]__[1, 1, 1, 1, 1, 1]__[0, 0, 0, 0, 0, 0]__[117, 58, 66, 58, 77, 58]
   Pokemon: 87 117 38 0 -1 70 false false null null Male [226 20 20, 163 10 10, 9 20 20, 82 40 40]__[1, 1, 1, 1, 1, 1]__[0, 0, 0, 0, 0, 0]__[117, 58, 66, 58, 77, 58]
 End Trainer
Trainer: 113 Swimmer Debra 650 525 Sprites\SwimmerF.png
   Pokemon: 8 84 38 0 -1 70 false false null null Male [149 10 10, 158 40 40, 17 25 25, 244 25 25]__[1, 1, 1, 1, 1, 1]__[0, 0, 0, 0, 0, 0]__[84, 48, 60, 49, 60, 45]
   Pokemon: 55 99 38 0 -1 70 false false null null Female [151 10 10, 178 10 10, 29 25 25, 44 20 20]__[1, 1, 1, 1, 1, 1]__[0, 0, 0, 0, 0, 0]__[99, 61, 58, 70, 60, 63]
   Pokemon: 73 99 38 0 -1 70 false false null null Male [250 20 20, 24 20 20, 2 30 30, 30 35 35]__[1, 1, 1, 1, 1, 1]__[0, 0, 0, 0, 0, 0]__[99, 53, 49, 60, 87, 73]
   Pokemon: 134 133 38 0 -1 70 false false null null Male [17 25 25, 155 30 30, 244 25 25, 174 15 15]__[1, 1, 1, 1, 1, 1]__[0, 0, 0, 0, 0, 0]__[133, 49, 46, 80, 70, 49]
   Pokemon: 171 129 38 0 -1 70 false false null null Male [28 10 10, 199 20 20, 244 25 25, 68 15 15]__[1, 1, 1, 1, 1, 1]__[0, 0, 0, 0, 0, 0]__[129, 45, 45, 57, 57, 51]
   Pokemon: 184 112 38 0 -1 70 false false null null Female [24 20 20, 171 20 20, 244 25 25, 225 30 30]__[1, 1, 1, 1, 1, 1]__[0, 0, 0, 0, 0, 0]__[112, 39, 60, 39, 60, 39]
 End Trainer
End Trainers
Wild Pokemon: 25 30
[72, 72, 72, 72, 72, 72, 72, 72, 72, 72, 72, 72, 72, 72, 72, 72, 72, 72, 72, 72, 72, 72, 72, 72, 72, 72, 72, 72, 72, 72, 72, 72, 72, 72, 72, 72, 72, 72, 72, 72, 73, 73, 73, 73, 73, 73, 73, 73, 73, 73, 98, 98, 98, 98, 98, 98, 98, 98, 98, 98, 98, 98, 98, 98, 98, 98, 98, 98, 98, 98, 98, 98, 98, 98, 98, 99, 99, 99, 99, 99, 99, 99, 99, 99, 99, 222, 222, 222, 222, 222, 222, 222, 222, 222, 222, 222, 222, 222, 222, 222]
[72, 72, 72, 72, 72, 72, 72, 72, 72, 72, 72, 72, 72, 72, 72, 72, 72, 72, 72, 72, 72, 72, 72, 72, 72, 72, 72, 72, 72, 72, 72, 72, 72, 72, 72, 72, 72, 72, 72, 72, 73, 73, 73, 73, 73, 73, 73, 73, 73, 73, 98, 98, 98, 98, 98, 98, 98, 98, 98, 98, 98, 98, 98, 98, 98, 98, 98, 98, 98, 98, 98, 98, 98, 98, 98, 99, 99, 99, 99, 99, 99, 99, 99, 99, 99, 222, 222, 222, 222, 222, 222, 222, 222, 222, 222, 222, 222, 222, 222, 222]
[72, 72, 72, 72, 72, 72, 72, 72, 72, 72, 72, 72, 72, 72, 72, 72, 72, 72, 72, 72, 72, 72, 72, 72, 72, 72, 72, 72, 72, 72, 72, 72, 72, 72, 72, 72, 72, 72, 72, 72, 73, 73, 73, 73, 73, 73, 73, 73, 73, 73, 98, 98, 98, 98, 98, 98, 98, 98, 98, 98, 98, 98, 98, 98, 98, 98, 98, 98, 98, 98, 98, 98, 98, 98, 98, 99, 99, 99, 99, 99, 99, 99, 99, 99, 99, 120, 120, 120, 120, 120, 120, 120, 120, 120, 120, 120, 120, 120, 120, 120]
Menu: 
End Menu
