ID: 298
Type: Johto
Event: N/A
Trainers: 
End Trainers
Wild Pokemon: 4 5
[235, 235, 235, 16, 16, 16, 16, 16, 16, 16, 16, 16, 16, 16, 16, 16, 16, 16, 16, 16, 16, 16, 16, 16, 16, 165, 165, 165, 165, 165, 165, 165, 165, 165, 165, 165, 165, 165, 165, 165, 165, 165, 165, 165, 165, 165, 165, 165, 165, 165, 165, 165, 165, 165, 165, 69, 69, 69, 69, 69, 69, 69, 69, 69, 69, 69, 69, 69, 69, 69, 69, 69, 69, 69, 69, 58, 58, 58, 58, 58, 58, 58, 58, 58, 58, 37, 37, 37, 37, 37, 214, 214, 214, 214, 214, 21, 21, 21, 21, 21]
[235, 235, 235, 16, 16, 16, 16, 16, 16, 16, 16, 16, 16, 16, 16, 16, 16, 16, 16, 16, 16, 16, 16, 16, 16, 16, 16, 16, 16, 16, 16, 16, 16, 16, 16, 16, 16, 16, 16, 16, 16, 16, 16, 16, 16, 16, 16, 16, 16, 16, 16, 16, 16, 16, 16, 69, 69, 69, 69, 69, 69, 69, 69, 69, 69, 69, 69, 69, 69, 69, 69, 69, 69, 69, 69, 58, 58, 58, 58, 58, 58, 58, 58, 58, 58, 37, 37, 37, 37, 37, 214, 214, 214, 214, 214, 21, 21, 21, 21, 21]
[235, 235, 235, 163, 163, 163, 163, 163, 163, 163, 163, 163, 163, 163, 163, 163, 163, 163, 163, 163, 163, 163, 163, 163, 163, 163, 163, 163, 163, 163, 167, 167, 167, 167, 167, 167, 167, 167, 167, 167, 167, 167, 167, 167, 167, 167, 167, 167, 167, 167, 167, 167, 167, 167, 167, 167, 167, 167, 167, 167, 69, 69, 69, 69, 69, 69, 69, 69, 69, 69, 69, 69, 69, 69, 69, 69, 69, 69, 69, 69, 92, 92, 92, 92, 92, 37, 37, 37, 37, 37, 214, 214, 214, 214, 214, 21, 21, 21, 21, 21]
Menu: 
End Menu
