ID: 239
Type: Johto
Event: N/A
Trainers: 
Trainer: 97 Cooltrainer Allen 920 85 Sprites\CooltrainerM.png
   Pokemon: 12 92 34 0 -1 70 false false null null Female [150 20 20, 85 35 35, 247 20 20, 216 20 20]__[1, 1, 1, 1, 1, 1]__[0, 0, 0, 0, 0, 0]__[92, 39, 42, 64, 64, 57]
   Pokemon: 182 103 35 0 -1 70 false false null null Male [141 20 20, 211 30 30, 220 20 20, 1 20 20]__[1, 1, 1, 1, 1, 1]__[0, 0, 0, 0, 0, 0]__[103, 64, 68, 72, 79, 42]
   Pokemon: 5 90 35 0 -1 70 false false null null Female [70 15 15, 176 10 10, 156 20 20, 194 20 20]__[1, 1, 1, 1, 1, 1]__[0, 0, 0, 0, 0, 0]__[90, 53, 48, 64, 53, 64]
   Pokemon: 108 114 35 0 -1 70 false false null null Male [187 20 20, 44 20 20, 250 20 20, 207 20 20]__[1, 1, 1, 1, 1, 1]__[0, 0, 0, 0, 0, 0]__[114, 46, 61, 50, 61, 27]
   Pokemon: 111 106 35 0 -1 70 false false null null Female [93 5 5, 176 10 10, 76 20 20, 207 20 20]__[1, 1, 1, 1, 1, 1]__[0, 0, 0, 0, 0, 0]__[106, 68, 76, 27, 27, 24]
   Pokemon: 101 92 35 0 -1 70 false false null null Genderless [109 30 30, 171 20 20, 180 5 5, 198 20 20]__[1, 1, 1, 1, 1, 1]__[0, 0, 0, 0, 0, 0]__[92, 42, 57, 64, 64, 109]
 End Trainer
End Trainers
Wild Pokemon: 22 26
[108, 108, 108, 108, 108, 108, 108, 108, 108, 108, 108, 108, 108, 108, 108, 108, 108, 108, 108, 108, 108, 108, 108, 108, 108, 114, 114, 114, 114, 114, 114, 114, 114, 114, 114, 114, 114, 114, 114, 114, 114, 114, 114, 114, 114, 114, 114, 114, 114, 114, 69, 69, 69, 69, 69, 69, 69, 69, 69, 69, 69, 69, 69, 69, 69, 70, 70, 70, 70, 70, 70, 70, 70, 70, 70, 180, 180, 180, 180, 180, 180, 180, 180, 180, 180, 180, 180, 180, 180, 180, 223, 223, 223, 223, 223, 223, 223, 223, 223, 223]
[108, 108, 108, 108, 108, 108, 108, 108, 108, 108, 108, 108, 108, 108, 108, 108, 108, 108, 108, 108, 108, 108, 108, 108, 108, 114, 114, 114, 114, 114, 114, 114, 114, 114, 114, 114, 114, 114, 114, 114, 114, 114, 114, 114, 114, 114, 114, 114, 114, 114, 69, 69, 69, 69, 69, 69, 69, 69, 69, 69, 69, 69, 69, 69, 69, 70, 70, 70, 70, 70, 70, 70, 70, 70, 70, 180, 180, 180, 180, 180, 180, 180, 180, 180, 180, 180, 180, 180, 180, 180, 223, 223, 223, 223, 223, 223, 223, 223, 223, 223]
[114, 114, 114, 114, 114, 114, 114, 114, 114, 114, 114, 114, 114, 114, 114, 114, 114, 114, 114, 114, 114, 114, 114, 114, 114, 60, 60, 60, 60, 60, 60, 60, 60, 60, 60, 60, 60, 60, 60, 60, 69, 69, 69, 69, 69, 69, 69, 69, 69, 69, 69, 69, 69, 69, 69, 70, 70, 70, 70, 70, 70, 70, 70, 70, 70, 61, 61, 61, 61, 61, 61, 61, 61, 61, 61, 180, 180, 180, 180, 180, 180, 180, 180, 180, 180, 180, 180, 180, 180, 180, 223, 223, 223, 223, 223, 223, 223, 223, 223, 223]
Menu: 
End Menu
