ID: 232
Type: Johto
Event: N/A
Trainers: 
Trainer: 77 Picnicker Brooke 370 175 C:\Users\paris.nelson\Documents\PT\PT\Sprites\Picnicker.png
   Pokemon: 100 28 10 0 -1 70 false false null null Genderless [178 10 10, 224 35 35, null, null]__[1, 1, 1, 1, 1, 1]__[0, 0, 0, 0, 0, 0]__[28, 11, 15, 16, 16, 25]
   Pokemon: 100 28 10 0 -1 70 false false null null Genderless [178 10 10, 224 35 35, null, null]__[1, 1, 1, 1, 1, 1]__[0, 0, 0, 0, 0, 0]__[28, 11, 15, 16, 16, 25]
   Pokemon: 100 28 10 0 -1 70 false false null null Genderless [178 10 10, 224 35 35, null, null]__[1, 1, 1, 1, 1, 1]__[0, 0, 0, 0, 0, 0]__[28, 11, 15, 16, 16, 25]
   Pokemon: 25 32 13 0 -1 70 false false null null Female [155 30 30, 231 20 20, 225 30 30, 82 40 40]__[1, 1, 1, 1, 1, 1]__[0, 0, 0, 0, 0, 0]__[32, 19, 13, 18, 15, 28]
   Pokemon: 25 32 13 0 -1 70 false false null null Female [155 30 30, 231 20 20, 225 30 30, 82 40 40]__[1, 1, 1, 1, 1, 1]__[0, 0, 0, 0, 0, 0]__[32, 19, 13, 18, 15, 28]
 End Trainer
Trainer: 78 Camper Elliot 370 225 C:\Users\paris.nelson\Documents\PT\PT\Sprites\Camper.png
   Pokemon: 50 22 10 0 -1 70 false false null null Male [114 30 30, 82 40 40, 177 35 35, null]__[1, 1, 1, 1, 1, 1]__[0, 0, 0, 0, 0, 0]__[22, 16, 10, 12, 14, 24]
   Pokemon: 50 22 10 0 -1 70 false false null null Male [114 30 30, 82 40 40, 177 35 35, null]__[1, 1, 1, 1, 1, 1]__[0, 0, 0, 0, 0, 0]__[22, 16, 10, 12, 14, 24]
   Pokemon: 41 30 11 0 -1 70 false false null null Female [216 20 20, 105 15 15, null, null]__[1, 1, 1, 1, 1, 1]__[0, 0, 0, 0, 0, 0]__[30, 15, 12, 11, 14, 17]
   Pokemon: 27 34 12 0 -1 70 false false null null Male [174 15 15, 40 40 40, 177 35 35, null]__[1, 1, 1, 1, 1, 1]__[0, 0, 0, 0, 0, 0]__[34, 23, 25, 10, 12, 14]
   Pokemon: 183 43 14 0 -1 70 false false null null Male [244 25 25, 225 30 30, 40 40 40, 224 35 35]__[1, 1, 1, 1, 1, 1]__[0, 0, 0, 0, 0, 0]__[43, 10, 19, 10, 19, 16]
 End Trainer
Trainer: 79 Firebreather Walt 370 275 C:\Users\paris.nelson\Documents\PT\PT\Sprites\Firebreather.png
   Pokemon: 37 33 13 0 -1 70 false false null null Male [166 20 20, 155 30 30, 225 30 30, 57 25 25]__[1, 1, 1, 1, 1, 1]__[0, 0, 0, 0, 0, 0]__[33, 15, 15, 18, 22, 22]
   Pokemon: 58 35 12 0 -1 70 false false null null Male [57 25 25, 166 20 20, 17 25 25, null]__[1, 1, 1, 1, 1, 1]__[0, 0, 0, 0, 0, 0]__[35, 22, 16, 22, 17, 19]
   Pokemon: 58 35 12 0 -1 70 false false null null Female [57 25 25, 166 20 20, 17 25 25, null]__[1, 1, 1, 1, 1, 1]__[0, 0, 0, 0, 0, 0]__[35, 22, 16, 22, 17, 19]
   Pokemon: 126 40 13 0 -1 70 false false null null Male [193 20 20, 107 30 30, 65 15 15, 57 25 25]__[1, 1, 1, 1, 1, 1]__[0, 0, 0, 0, 0, 0]__[40, 29, 20, 31, 27, 29]
   Pokemon: 126 40 13 0 -1 70 false false null null Male [193 20 20, 107 30 30, 65 15 15, 57 25 25]__[1, 1, 1, 1, 1, 1]__[0, 0, 0, 0, 0, 0]__[40, 29, 20, 31, 27, 29]
 End Trainer
End Trainers
Wild Pokemon: 10 14
[193, 193, 16, 16, 16, 16, 16, 16, 16, 16, 16, 16, 16, 16, 16, 16, 16, 16, 16, 16, 209, 209, 209, 209, 209, 209, 209, 209, 209, 209, 209, 209, 209, 209, 209, 209, 209, 209, 209, 209, 58, 58, 58, 58, 58, 58, 58, 58, 58, 58, 58, 58, 58, 58, 58, 58, 58, 58, 58, 58, 63, 63, 63, 63, 63, 63, 63, 63, 63, 63, 39, 39, 39, 39, 39, 132, 132, 132, 132, 193, 21, 21, 21, 21, 21, 190, 190, 190, 190, 190, 204, 204, 204, 204, 204, 60, 60, 60, 60, 60]
[193, 193, 16, 16, 16, 16, 16, 16, 16, 16, 16, 16, 16, 16, 16, 16, 16, 16, 16, 16, 209, 209, 209, 209, 209, 209, 209, 209, 209, 209, 209, 209, 209, 209, 209, 209, 209, 209, 209, 209, 58, 58, 58, 58, 58, 58, 58, 58, 58, 58, 58, 58, 58, 58, 58, 58, 58, 58, 58, 58, 63, 63, 63, 63, 63, 63, 63, 63, 63, 63, 39, 39, 39, 39, 39, 132, 132, 132, 132, 193, 21, 21, 21, 21, 21, 190, 190, 190, 190, 190, 204, 204, 204, 204, 204, 60, 60, 60, 60, 60]
[193, 193, 163, 163, 163, 163, 163, 163, 163, 163, 163, 163, 163, 163, 163, 163, 163, 163, 163, 163, 96, 96, 96, 96, 96, 96, 96, 96, 96, 96, 96, 96, 96, 96, 96, 96, 96, 96, 96, 96, 54, 54, 54, 54, 54, 54, 54, 54, 54, 54, 54, 54, 54, 54, 54, 54, 54, 54, 54, 54, 63, 63, 63, 63, 63, 63, 63, 63, 63, 63, 39, 39, 39, 39, 39, 132, 132, 132, 132, 193, 21, 21, 21, 21, 21, 190, 190, 190, 190, 190, 204, 204, 204, 204, 204, 60, 60, 60, 60, 60]
Menu: 
End Menu
