ID: 212
Type: Kanto
Event: N/A
Trainers: 
Trainer: 50 PokeFan Kenny 1000 370 Sprites\PokeFan.png
   Pokemon: 34 110 38 0 -1 70 false false null null Male [229 20 20, 144 35 35, 46 30 30, 92 25 25]__[1, 1, 1, 1, 1, 1]__[0, 0, 0, 0, 0, 0]__[110, 75, 64, 70, 62, 70]
   Pokemon: 76 109 38 0 -1 70 false false null null Male [171 20 20, 86 30 30, 180 5 5, 114 30 30]__[1, 1, 1, 1, 1, 1]__[0, 0, 0, 0, 0, 0]__[109, 89, 104, 47, 55, 39]
   Pokemon: 76 109 38 0 -1 70 false false null null Male [171 20 20, 86 30 30, 180 5 5, 114 30 30]__[1, 1, 1, 1, 1, 1]__[0, 0, 0, 0, 0, 0]__[109, 89, 104, 47, 55, 39]
   Pokemon: 28 105 38 0 -1 70 false false null null Male [221 20 20, 188 20 20, 144 35 35, 174 15 15]__[1, 1, 1, 1, 1, 1]__[0, 0, 0, 0, 0, 0]__[105, 81, 89, 39, 47, 55]
   Pokemon: 119 109 38 0 -1 70 false false null null Female [76 20 20, 68 15 15, 92 25 25, 216 20 20]__[1, 1, 1, 1, 1, 1]__[0, 0, 0, 0, 0, 0]__[109, 75, 55, 55, 66, 57]
   Pokemon: 199 120 38 0 -1 70 false false null null Male [88 15 15, 44 20 20, 29 25 25, 244 25 25]__[1, 1, 1, 1, 1, 1]__[0, 0, 0, 0, 0, 0]__[120, 62, 66, 81, 89, 28]
 End Trainer
End Trainers
Wild Pokemon: 23 25
[30, 30, 30, 30, 30, 30, 30, 30, 30, 30, 30, 30, 30, 30, 30, 30, 30, 30, 30, 30, 30, 30, 30, 30, 30, 30, 30, 30, 30, 30, 33, 33, 33, 33, 33, 33, 33, 33, 33, 33, 33, 33, 33, 33, 33, 33, 33, 33, 33, 33, 33, 33, 33, 33, 33, 33, 33, 33, 33, 33, 17, 17, 17, 17, 17, 17, 17, 17, 17, 17, 17, 17, 17, 17, 17, 17, 17, 17, 17, 17, 188, 188, 188, 188, 188, 188, 188, 188, 188, 188, 188, 188, 188, 188, 188, 188, 188, 113, 113, 113]
[30, 30, 30, 30, 30, 30, 30, 30, 30, 30, 30, 30, 30, 30, 30, 30, 30, 30, 30, 30, 30, 30, 30, 30, 30, 30, 30, 30, 30, 30, 33, 33, 33, 33, 33, 33, 33, 33, 33, 33, 33, 33, 33, 33, 33, 33, 33, 33, 33, 33, 33, 33, 33, 33, 33, 33, 33, 33, 33, 33, 17, 17, 17, 17, 17, 17, 17, 17, 17, 17, 17, 17, 17, 17, 17, 17, 17, 17, 17, 17, 188, 188, 188, 188, 188, 188, 188, 188, 188, 188, 188, 188, 188, 188, 188, 188, 188, 113, 113, 113]
[195, 195, 195, 195, 195, 195, 195, 195, 195, 195, 195, 195, 195, 195, 195, 195, 195, 195, 195, 195, 195, 195, 195, 195, 195, 195, 195, 195, 195, 195, 195, 195, 195, 195, 195, 195, 195, 48, 48, 48, 48, 48, 48, 48, 48, 48, 48, 48, 48, 48, 48, 48, 48, 48, 48, 48, 48, 48, 48, 48, 48, 48, 48, 48, 48, 48, 48, 164, 164, 164, 164, 164, 164, 164, 164, 164, 164, 164, 164, 164, 164, 164, 164, 164, 164, 164, 164, 49, 49, 49, 49, 49, 49, 49, 49, 49, 49, 113, 113, 113]
Menu: 
End Menu
