ID: 238
Type: Johto
Event: N/A
Trainers: 
Trainer: 96 Pokemaniac Brent 850 50 Sprites\PokeManiac.png
   Pokemon: 31 105 31 0 -1 70 false false null null Female [19 15 15, 225 30 30, 46 30 30, 177 35 35]__[1, 1, 1, 1, 1, 1]__[0, 0, 0, 0, 0, 0]__[105, 61, 64, 56, 63, 57]
   Pokemon: 34 99 31 0 -1 70 false false null null Male [229 20 20, 144 35 35, 46 30 30, 92 25 25]__[1, 1, 1, 1, 1, 1]__[0, 0, 0, 0, 0, 0]__[99, 68, 58, 63, 56, 63]
   Pokemon: 80 109 31 0 -1 70 false false null null Male [88 15 15, 44 20 20, 29 25 25, 244 25 25]__[1, 1, 1, 1, 1, 1]__[0, 0, 0, 0, 0, 0]__[109, 56, 80, 73, 60, 26]
   Pokemon: 108 105 31 0 -1 70 false false null null Female [44 20 20, 250 20 20, 207 20 20, 40 40 40]__[1, 1, 1, 1, 1, 1]__[0, 0, 0, 0, 0, 0]__[105, 43, 56, 46, 56, 26]
   Pokemon: 180 92 31 0 -1 70 false false null null Male [33 40 40, 231 20 20, 234 30 30, 82 40 40]__[1, 1, 1, 1, 1, 1]__[0, 0, 0, 0, 0, 0]__[92, 43, 43, 60, 46, 36]
   Pokemon: 130 106 30 0 -1 70 false false null null Male [107 30 30, 50 10 10, 17 25 25, 229 20 20]__[1, 1, 1, 1, 1, 1]__[0, 0, 0, 0, 0, 0]__[106, 88, 57, 45, 71, 59]
 End Trainer
End Trainers
Wild Pokemon: 17 24
[203, 203, 203, 203, 203, 203, 203, 203, 203, 203, 17, 17, 17, 17, 17, 17, 17, 17, 17, 17, 17, 17, 17, 17, 17, 161, 161, 161, 161, 161, 161, 161, 161, 161, 161, 161, 161, 161, 161, 161, 161, 161, 161, 161, 161, 161, 161, 161, 161, 161, 161, 161, 161, 161, 161, 83, 83, 83, 83, 83, 83, 83, 83, 83, 83, 83, 83, 83, 83, 83, 83, 83, 83, 83, 83, 162, 162, 162, 162, 162, 162, 162, 162, 162, 162, 102, 102, 102, 102, 102, 102, 102, 102, 102, 102, 130, 130, 130, 130, 130]
[203, 203, 203, 203, 203, 203, 203, 203, 203, 203, 17, 17, 17, 17, 17, 17, 17, 17, 17, 17, 17, 17, 17, 17, 17, 161, 161, 161, 161, 161, 161, 161, 161, 161, 161, 161, 161, 161, 161, 161, 161, 161, 161, 161, 161, 161, 161, 161, 161, 161, 161, 161, 161, 161, 161, 83, 83, 83, 83, 83, 83, 83, 83, 83, 83, 83, 83, 83, 83, 83, 83, 83, 83, 83, 83, 162, 162, 162, 162, 162, 162, 162, 162, 162, 162, 102, 102, 102, 102, 102, 102, 102, 102, 102, 102, 130, 130, 130, 130, 130]
[203, 203, 203, 203, 203, 203, 203, 203, 203, 203, 48, 48, 48, 48, 48, 48, 48, 48, 48, 48, 48, 48, 48, 48, 48, 48, 48, 48, 48, 48, 164, 164, 164, 164, 164, 164, 164, 164, 164, 164, 164, 164, 164, 164, 164, 164, 164, 164, 164, 164, 164, 164, 164, 164, 164, 83, 83, 83, 83, 83, 83, 83, 83, 83, 83, 83, 83, 83, 83, 83, 83, 83, 83, 83, 83, 162, 162, 162, 162, 162, 162, 162, 162, 162, 162, 102, 102, 102, 102, 102, 102, 102, 102, 102, 102, 130, 130, 130, 130, 130]
Menu: 
End Menu
