ID: 203
Type: Kanto
Event: N/A
Trainers: 
Trainer: 112 Cooltrainer Colin 600 130 Sprites\CooltrainerM.png
   Pokemon: 122 71 38 0 -1 70 false false null null Female [58 5 5, 162 20 20, 109 30 30, 49 10 10]__[1, 1, 1, 1, 1, 1]__[0, 0, 0, 0, 0, 0]__[71, 36, 49, 73, 87, 66]
   Pokemon: 123 92 38 0 -1 70 false false null null Male [248 35 35, 5 30 30, 63 40 40, 154 20 20]__[1, 1, 1, 1, 1, 1]__[0, 0, 0, 0, 0, 0]__[92, 80, 60, 43, 60, 77]
   Pokemon: 124 88 38 0 -1 70 false false null null Female [99 15 15, 49 10 10, 147 25 25, 111 10 10]__[1, 1, 1, 1, 1, 1]__[0, 0, 0, 0, 0, 0]__[88, 39, 29, 83, 70, 70]
   Pokemon: 125 88 38 0 -1 70 false false null null Male [221 20 20, 109 30 30, 233 15 15, 107 30 30]__[1, 1, 1, 1, 1, 1]__[0, 0, 0, 0, 0, 0]__[88, 62, 44, 70, 63, 77]
   Pokemon: 126 88 38 0 -1 70 false false null null Female [214 5 5, 194 20 20, 65 15 15, 193 20 20]__[1, 1, 1, 1, 1, 1]__[0, 0, 0, 0, 0, 0]__[88, 70, 44, 73, 63, 68]
   Pokemon: 127 88 38 0 -1 70 false false null null Male [84 5 5, 86 30 30, 179 20 20, 16 20 20]__[1, 1, 1, 1, 1, 1]__[0, 0, 0, 0, 0, 0]__[88, 90, 73, 43, 53, 63]
 End Trainer
Trainer: 111 Hiker Noland 700 130 Sprites\Hiker.png
   Pokemon: 28 95 38 0 -1 70 false false null null Male [221 20 20, 188 20 20, 144 35 35, 174 15 15]__[1, 1, 1, 1, 1, 1]__[0, 0, 0, 0, 0, 0]__[95, 73, 80, 36, 43, 49]
   Pokemon: 76 99 38 0 -1 70 false false null null Female [171 20 20, 86 30 30, 180 5 5, 114 30 30]__[1, 1, 1, 1, 1, 1]__[0, 0, 0, 0, 0, 0]__[99, 80, 94, 43, 49, 36]
   Pokemon: 67 99 38 0 -1 70 false false null null Male [243 10 10, 74 40 40, 179 20 20, 103 25 25]__[1, 1, 1, 1, 1, 1]__[0, 0, 0, 0, 0, 0]__[99, 73, 53, 39, 46, 36]
   Pokemon: 185 92 38 0 -1 70 false false null null Male [167 10 10, 112 20 20, 68 15 15, 124 10 10]__[1, 1, 1, 1, 1, 1]__[0, 0, 0, 0, 0, 0]__[92, 73, 83, 26, 49, 26]
   Pokemon: 231 105 38 0 -1 70 false false null null Female [171 20 20, 226 20 20, 68 15 15, 40 40 40]__[1, 1, 1, 1, 1, 1]__[0, 0, 0, 0, 0, 0]__[105, 46, 46, 32, 32, 32]
   Pokemon: 67 99 38 0 -1 70 false false null null Male [243 10 10, 74 40 40, 179 20 20, 103 25 25]__[1, 1, 1, 1, 1, 1]__[0, 0, 0, 0, 0, 0]__[99, 73, 53, 39, 46, 36]
 End Trainer
End Trainers
Wild Pokemon: 5 10
[25, 25, 25, 25, 25, 25, 25, 25, 25, 25, 25, 25, 25, 25, 25, 25, 25, 25, 25, 25, 25, 25, 25, 25, 25, 25, 25, 25, 25, 25, 21, 21, 21, 21, 21, 21, 21, 21, 21, 21, 21, 21, 21, 21, 21, 21, 21, 21, 21, 21, 21, 21, 21, 21, 21, 21, 21, 21, 21, 21, 23, 23, 23, 23, 23, 23, 23, 23, 23, 23, 23, 23, 23, 23, 23, 23, 23, 23, 23, 23, 20, 20, 20, 20, 20, 20, 20, 20, 20, 20, 24, 24, 24, 24, 24, 27, 27, 27, 27, 27]
[25, 25, 25, 25, 25, 25, 25, 25, 25, 25, 25, 25, 25, 25, 25, 25, 25, 25, 25, 25, 25, 25, 25, 25, 25, 25, 25, 25, 25, 25, 21, 21, 21, 21, 21, 21, 21, 21, 21, 21, 21, 21, 21, 21, 21, 21, 21, 21, 21, 21, 21, 21, 21, 21, 21, 21, 21, 21, 21, 21, 23, 23, 23, 23, 23, 23, 23, 23, 23, 23, 23, 23, 23, 23, 23, 23, 23, 23, 23, 23, 20, 20, 20, 20, 20, 20, 20, 20, 20, 20, 24, 24, 24, 24, 24, 27, 27, 27, 27, 27]
[25, 25, 25, 25, 25, 25, 25, 25, 25, 25, 25, 25, 25, 25, 25, 25, 25, 25, 25, 25, 25, 25, 25, 25, 25, 25, 25, 25, 25, 25, 20, 20, 20, 20, 20, 20, 20, 20, 20, 20, 20, 20, 20, 20, 20, 20, 20, 20, 20, 20, 41, 41, 41, 41, 41, 41, 41, 41, 41, 41, 41, 41, 41, 41, 41, 41, 41, 41, 41, 41, 41, 41, 41, 41, 41, 41, 41, 41, 41, 41, 41, 41, 41, 41, 41, 41, 41, 41, 41, 41, 41, 41, 41, 41, 41, 35, 35, 35, 35, 35]
Menu: 
End Menu
