ID: 208
Type: Kanto
Event: N/A
Trainers: 
Trainer: 104 Picnicker Edna 900 130 C:\Users\paris.nelson\Documents\PT\PT\Sprites\Picnicker.png
   Pokemon: 57 93 38 0 -1 70 false false null null Male [179 20 20, 156 20 20, 73 30 30, 78 15 15]__[1, 1, 1, 1, 1, 1]__[0, 0, 0, 0, 0, 0]__[93, 81, 48, 48, 56, 74]
   Pokemon: 62 108 38 0 -1 70 false false null null Female [212 20 20, 49 10 10, 97 20 20, 244 25 25]__[1, 1, 1, 1, 1, 1]__[0, 0, 0, 0, 0, 0]__[108, 65, 72, 54, 68, 54]
   Pokemon: 28 100 38 0 -1 70 false false null null Male [221 20 20, 188 20 20, 144 35 35, 174 15 15]__[1, 1, 1, 1, 1, 1]__[0, 0, 0, 0, 0, 0]__[100, 77, 84, 38, 45, 52]
   Pokemon: 55 104 38 0 -1 70 false false null null Male [151 10 10, 178 10 10, 29 25 25, 44 20 20]__[1, 1, 1, 1, 1, 1]__[0, 0, 0, 0, 0, 0]__[104, 64, 61, 74, 63, 66]
   Pokemon: 26 87 38 0 -1 70 false false null null Female [232 15 15, 155 30 30, 225 30 30, 234 30 30]__[1, 1, 1, 1, 1, 1]__[0, 0, 0, 0, 0, 0]__[87, 68, 44, 68, 61, 75]
   Pokemon: 189 98 38 0 -1 70 false false null null Female [33 40 40, 106 10 10, 189 15 15, 211 30 30]__[1, 1, 1, 1, 1, 1]__[0, 0, 0, 0, 0, 0]__[98, 44, 54, 44, 65, 82]
 End Trainer
Trainer: 105 Hiker Tim 1000 130 C:\Users\paris.nelson\Documents\PT\PT\Sprites\Hiker.png
   Pokemon: 51 70 38 0 -1 70 false false null null Female [174 15 15, 43 10 10, 114 30 30, 82 40 40]__[1, 1, 1, 1, 1, 1]__[0, 0, 0, 0, 0, 0]__[70, 61, 40, 40, 54, 89]
   Pokemon: 51 70 38 0 -1 70 false false null null Male [174 15 15, 43 10 10, 114 30 30, 82 40 40]__[1, 1, 1, 1, 1, 1]__[0, 0, 0, 0, 0, 0]__[70, 61, 40, 40, 54, 89]
   Pokemon: 95 71 38 0 -1 70 false false null null Male [175 10 10, 156 20 20, 86 30 30, 169 15 15]__[1, 1, 1, 1, 1, 1]__[0, 0, 0, 0, 0, 0]__[71, 38, 120, 27, 38, 56]
   Pokemon: 75 84 38 0 -1 70 false false null null Male [171 20 20, 86 30 30, 180 5 5, 114 30 30]__[1, 1, 1, 1, 1, 1]__[0, 0, 0, 0, 0, 0]__[84, 72, 86, 37, 37, 30]
   Pokemon: 75 84 38 0 -1 70 false false null null Male [171 20 20, 86 30 30, 180 5 5, 114 30 30]__[1, 1, 1, 1, 1, 1]__[0, 0, 0, 0, 0, 0]__[84, 72, 86, 37, 37, 30]
   Pokemon: 76 104 38 0 -1 70 false false null null Male [171 20 20, 86 30 30, 180 5 5, 114 30 30]__[1, 1, 1, 1, 1, 1]__[0, 0, 0, 0, 0, 0]__[104, 84, 99, 45, 52, 38]
 End Trainer
End Trainers
Wild Pokemon: 15 18
[104, 104, 104, 104, 104, 104, 104, 104, 104, 104, 104, 104, 104, 104, 104, 104, 104, 104, 104, 104, 104, 104, 104, 104, 104, 104, 104, 104, 104, 104, 66, 66, 66, 66, 66, 66, 66, 66, 66, 66, 66, 66, 66, 66, 66, 67, 67, 67, 67, 67, 67, 67, 67, 67, 67, 105, 105, 105, 105, 105, 115, 115, 115, 115, 115, 100, 100, 100, 100, 100, 100, 100, 100, 100, 100, 100, 100, 100, 100, 100, 100, 100, 100, 100, 100, 100, 100, 100, 100, 100, 100, 100, 100, 100, 100, 125, 125, 125, 125, 125]
[104, 104, 104, 104, 104, 104, 104, 104, 104, 104, 104, 104, 104, 104, 104, 104, 104, 104, 104, 104, 104, 104, 104, 104, 104, 104, 104, 104, 104, 104, 66, 66, 66, 66, 66, 66, 66, 66, 66, 66, 66, 66, 66, 66, 66, 67, 67, 67, 67, 67, 67, 67, 67, 67, 67, 105, 105, 105, 105, 105, 115, 115, 115, 115, 115, 100, 100, 100, 100, 100, 100, 100, 100, 100, 100, 100, 100, 100, 100, 100, 100, 100, 100, 100, 100, 100, 100, 100, 100, 100, 100, 100, 100, 100, 100, 125, 125, 125, 125, 125]
[93, 93, 93, 93, 93, 93, 93, 93, 93, 93, 93, 93, 93, 93, 93, 93, 93, 93, 93, 93, 93, 93, 93, 93, 93, 93, 93, 93, 93, 93, 93, 93, 93, 93, 93, 93, 93, 93, 93, 93, 100, 100, 100, 100, 100, 100, 100, 100, 100, 100, 100, 100, 100, 100, 100, 100, 100, 100, 100, 100, 42, 42, 42, 42, 42, 42, 42, 42, 42, 42, 42, 42, 42, 42, 42, 42, 42, 42, 42, 42, 42, 42, 42, 42, 42, 42, 42, 42, 42, 42, 42, 42, 42, 42, 42, 42, 42, 42, 42, 42]
Menu: 
End Menu
