ID: 201
Type: Kanto
Event: N/A
Trainers: 
Trainer: 56 Bug Catcher Rob 375 200 Sprites\BugCatcher.png
   Pokemon: 123 101 38 0 -1 70 false false null null Male [188 20 20, 248 35 35, 5 30 30, 63 40 40]__[1, 1, 1, 1, 1, 1]__[0, 0, 0, 0, 0, 0]__[101, 89, 66, 47, 66, 85]
   Pokemon: 12 94 38 0 -1 70 false false null null Female [150 20 20, 85 35 35, 247 20 20, 216 20 20]__[1, 1, 1, 1, 1, 1]__[0, 0, 0, 0, 0, 0]__[94, 39, 43, 66, 66, 58]
   Pokemon: 15 98 38 0 -1 70 false false null null Female [142 20 20, 154 20 20, 156 20 20, 239 20 20]__[1, 1, 1, 1, 1, 1]__[0, 0, 0, 0, 0, 0]__[98, 66, 36, 39, 66, 62]
   Pokemon: 214 109 38 0 -1 70 false false null null Female [226 20 20, 34 20 20, 76 20 20, 59 10 10]__[1, 1, 1, 1, 1, 1]__[0, 0, 0, 0, 0, 0]__[109, 100, 62, 36, 77, 70]
   Pokemon: 12 94 38 0 -1 70 false false null null Male [150 20 20, 85 35 35, 247 20 20, 216 20 20]__[1, 1, 1, 1, 1, 1]__[0, 0, 0, 0, 0, 0]__[94, 39, 43, 66, 66, 58]
   Pokemon: 214 109 38 0 -1 70 false false null null Female [226 20 20, 34 20 20, 76 20 20, 59 10 10]__[1, 1, 1, 1, 1, 1]__[0, 0, 0, 0, 0, 0]__[109, 100, 62, 36, 77, 70]
 End Trainer
End Trainers
Wild Pokemon: 3 7
[16, 16, 16, 16, 16, 16, 16, 16, 16, 16, 16, 16, 16, 16, 16, 16, 16, 16, 16, 16, 165, 165, 165, 165, 165, 165, 165, 165, 165, 165, 165, 165, 165, 165, 165, 165, 165, 165, 165, 165, 165, 165, 165, 165, 165, 165, 165, 165, 165, 165, 10, 10, 10, 10, 10, 10, 10, 10, 10, 10, 10, 10, 10, 10, 10, 10, 10, 10, 10, 10, 10, 10, 10, 10, 10, 10, 10, 10, 10, 10, 12, 12, 12, 12, 12, 12, 12, 12, 12, 12, 25, 25, 25, 25, 25, 166, 166, 166, 166, 166]
[16, 16, 16, 16, 16, 16, 16, 16, 16, 16, 16, 16, 16, 16, 16, 16, 16, 16, 16, 16, 16, 16, 16, 16, 16, 16, 16, 16, 16, 16, 16, 16, 16, 16, 16, 16, 16, 16, 16, 16, 16, 16, 16, 16, 16, 16, 16, 16, 16, 16, 10, 10, 10, 10, 10, 10, 10, 10, 10, 10, 10, 10, 10, 10, 10, 10, 10, 10, 10, 10, 10, 10, 10, 10, 10, 10, 10, 10, 10, 10, 12, 12, 12, 12, 12, 12, 12, 12, 12, 12, 25, 25, 25, 25, 25, 17, 17, 17, 17, 17]
[167, 167, 167, 167, 167, 167, 167, 167, 167, 167, 167, 167, 167, 167, 167, 167, 167, 167, 167, 167, 167, 167, 167, 167, 167, 167, 167, 167, 167, 167, 164, 164, 164, 164, 164, 164, 164, 164, 164, 164, 164, 164, 164, 164, 164, 168, 168, 168, 168, 168]
Menu: 
End Menu
