ID: 210
Type: Kanto
Event: N/A
Trainers: 
Trainer: 48 Psychic Herman 975 290 Sprites\Psychic.png
   Pokemon: 102 94 38 0 -1 70 false false null null Female [189 15 15, 145 35 35, 211 30 30, 29 25 25]__[1, 1, 1, 1, 1, 1]__[0, 0, 0, 0, 0, 0]__[94, 36, 66, 51, 39, 36]
   Pokemon: 102 94 38 0 -1 70 false false null null Female [189 15 15, 145 35 35, 211 30 30, 29 25 25]__[1, 1, 1, 1, 1, 1]__[0, 0, 0, 0, 0, 0]__[94, 36, 66, 51, 39, 36]
   Pokemon: 103 120 38 0 -1 70 false false null null Female [56 10 10, 207 20 20, 29 25 25, 97 20 20]__[1, 1, 1, 1, 1, 1]__[0, 0, 0, 0, 0, 0]__[120, 77, 70, 100, 55, 47]
   Pokemon: 177 79 38 0 -1 70 false false null null Male [79 15 15, 227 20 20, 133 15 15, 107 30 30]__[1, 1, 1, 1, 1, 1]__[0, 0, 0, 0, 0, 0]__[79, 43, 39, 58, 39, 58]
   Pokemon: 177 79 38 0 -1 70 false false null null Male [79 15 15, 227 20 20, 133 15 15, 107 30 30]__[1, 1, 1, 1, 1, 1]__[0, 0, 0, 0, 0, 0]__[79, 43, 39, 58, 39, 58]
   Pokemon: 178 98 38 0 -1 70 false false null null Male [79 15 15, 227 20 20, 133 15 15, 107 30 30]__[1, 1, 1, 1, 1, 1]__[0, 0, 0, 0, 0, 0]__[98, 62, 58, 77, 58, 77]
 End Trainer
End Trainers
Wild Pokemon: 13 16
[187, 187, 187, 187, 187, 187, 187, 187, 187, 187, 187, 187, 187, 187, 187, 187, 187, 187, 187, 187, 187, 187, 187, 187, 187, 187, 187, 187, 187, 187, 187, 187, 187, 187, 187, 20, 20, 20, 20, 20, 20, 20, 20, 20, 20, 20, 20, 20, 20, 20, 20, 20, 20, 20, 20, 20, 20, 20, 20, 20, 20, 20, 20, 20, 20, 81, 81, 81, 81, 81, 81, 81, 81, 81, 81, 81, 81, 81, 81, 81, 81, 81, 81, 81, 81, 17, 17, 17, 17, 17, 17, 17, 17, 17, 17, 19, 19, 19, 19, 19]
[187, 187, 187, 187, 187, 187, 187, 187, 187, 187, 187, 187, 187, 187, 187, 187, 187, 187, 187, 187, 187, 187, 187, 187, 187, 187, 187, 187, 187, 187, 187, 187, 187, 187, 187, 20, 20, 20, 20, 20, 20, 20, 20, 20, 20, 20, 20, 20, 20, 20, 20, 20, 20, 20, 20, 20, 20, 20, 20, 20, 20, 20, 20, 20, 20, 81, 81, 81, 81, 81, 81, 81, 81, 81, 81, 81, 81, 81, 81, 81, 81, 81, 81, 81, 81, 17, 17, 17, 17, 17, 17, 17, 17, 17, 17, 19, 19, 19, 19, 19]
[52, 52, 52, 52, 52, 52, 52, 52, 52, 52, 52, 52, 52, 52, 52, 52, 52, 52, 52, 52, 52, 52, 52, 52, 52, 52, 52, 52, 52, 52, 20, 20, 20, 20, 20, 96, 96, 96, 96, 96, 96, 96, 96, 96, 96, 96, 96, 96, 96, 96, 96, 96, 96, 96, 96, 96, 96, 96, 96, 96, 96, 96, 96, 96, 96, 81, 81, 81, 81, 81, 81, 81, 81, 81, 81, 81, 81, 81, 81, 81, 81, 81, 81, 81, 81, 164, 164, 164, 164, 164, 164, 164, 164, 164, 164, 97, 97, 97, 97, 97]
Menu: 
End Menu
