ID: 219
Type: Kanto
Event: N/A
Trainers: 
Trainer: 58 Swimmer Nikki 375 475 C:\Users\paris.nelson\Documents\PT\PT\Sprites\SwimmerF.png
   Pokemon: 73 109 38 0 -1 70 false false null null Male [11 30 30, 250 20 20, 24 20 20, 2 30 30]__[1, 1, 1, 1, 1, 1]__[0, 0, 0, 0, 0, 0]__[109, 58, 55, 66, 96, 81]
   Pokemon: 73 109 38 0 -1 70 false false null null Male [11 30 30, 250 20 20, 24 20 20, 2 30 30]__[1, 1, 1, 1, 1, 1]__[0, 0, 0, 0, 0, 0]__[109, 58, 55, 66, 96, 81]
   Pokemon: 73 109 38 0 -1 70 false false null null Female [11 30 30, 250 20 20, 24 20 20, 2 30 30]__[1, 1, 1, 1, 1, 1]__[0, 0, 0, 0, 0, 0]__[109, 58, 55, 66, 96, 81]
   Pokemon: 224 105 38 0 -1 70 false false null null Female [73 30 30, 135 10 10, 24 20 20, 9 20 20]__[1, 1, 1, 1, 1, 1]__[0, 0, 0, 0, 0, 0]__[105, 85, 62, 85, 62, 39]
   Pokemon: 224 105 38 0 -1 70 false false null null Female [73 30 30, 135 10 10, 24 20 20, 9 20 20]__[1, 1, 1, 1, 1, 1]__[0, 0, 0, 0, 0, 0]__[105, 85, 62, 85, 62, 39]
   Pokemon: 224 105 38 0 -1 70 false false null null Male [73 30 30, 135 10 10, 24 20 20, 9 20 20]__[1, 1, 1, 1, 1, 1]__[0, 0, 0, 0, 0, 0]__[105, 85, 62, 85, 62, 39]
 End Trainer
End Trainers
Wild Pokemon: 25 30
[114, 114, 114, 114, 114, 114, 114, 114, 114, 114, 114, 114, 114, 114, 114, 114, 114, 114, 114, 114, 122, 122, 122, 122, 122, 122, 122, 122, 122, 122, 72, 72, 72, 72, 72, 72, 72, 72, 72, 72, 72, 72, 72, 72, 72, 72, 72, 72, 72, 72, 73, 73, 73, 73, 73, 73, 73, 73, 73, 73, 98, 98, 98, 98, 98, 98, 98, 98, 98, 98, 98, 98, 98, 98, 98, 99, 99, 99, 99, 99, 99, 99, 99, 99, 99, 222, 222, 222, 222, 222, 222, 222, 222, 222, 222, 222, 222, 222, 222, 222]
[114, 114, 114, 114, 114, 114, 114, 114, 114, 114, 114, 114, 114, 114, 114, 114, 114, 114, 114, 114, 122, 122, 122, 122, 122, 122, 122, 122, 122, 122, 72, 72, 72, 72, 72, 72, 72, 72, 72, 72, 72, 72, 72, 72, 72, 72, 72, 72, 72, 72, 73, 73, 73, 73, 73, 73, 73, 73, 73, 73, 98, 98, 98, 98, 98, 98, 98, 98, 98, 98, 98, 98, 98, 98, 98, 99, 99, 99, 99, 99, 99, 99, 99, 99, 99, 222, 222, 222, 222, 222, 222, 222, 222, 222, 222, 222, 222, 222, 222, 222]
[114, 114, 114, 114, 114, 114, 114, 114, 114, 114, 114, 114, 114, 114, 114, 114, 114, 114, 114, 114, 114, 114, 114, 114, 114, 114, 114, 114, 114, 114, 72, 72, 72, 72, 72, 72, 72, 72, 72, 72, 72, 72, 72, 72, 72, 72, 72, 72, 72, 72, 73, 73, 73, 73, 73, 73, 73, 73, 73, 73, 98, 98, 98, 98, 98, 98, 98, 98, 98, 98, 98, 98, 98, 98, 98, 99, 99, 99, 99, 99, 99, 99, 99, 99, 99, 120, 120, 120, 120, 120, 120, 120, 120, 120, 120, 120, 120, 120, 120, 120]
Menu: 
End Menu
