ID: 231
Type: Johto
Event: N/A
Trainers: 
Trainer: 74 Youngster Samuel 370 490 Sprites\Youngster.png
   Pokemon: 19 21 7 0 -1 70 false false null null Female [155 30 30, 225 30 30, 224 35 35, null]__[1, 1, 1, 1, 1, 1]__[0, 0, 0, 0, 0, 0]__[21, 12, 10, 8, 10, 15]
   Pokemon: 21 26 9 0 -1 70 false false null null Female [107 30 30, 82 40 40, 139 35 35, null]__[1, 1, 1, 1, 1, 1]__[0, 0, 0, 0, 0, 0]__[26, 15, 10, 10, 10, 17]
   Pokemon: 21 26 9 0 -1 70 false false null null Male [107 30 30, 82 40 40, 139 35 35, null]__[1, 1, 1, 1, 1, 1]__[0, 0, 0, 0, 0, 0]__[26, 15, 10, 10, 10, 17]
   Pokemon: 27 30 10 0 -1 70 false false null null Female [40 40 40, 177 35 35, null, null]__[1, 1, 1, 1, 1, 1]__[0, 0, 0, 0, 0, 0]__[30, 20, 22, 9, 11, 13]
 End Trainer
Trainer: 75 Cooltrainer Irene 370 380 Sprites\CooltrainerF.png
   Pokemon: 90 26 10 0 -1 70 false false null null Male [216 20 20, 249 40 40, 224 35 35, null]__[1, 1, 1, 1, 1, 1]__[0, 0, 0, 0, 0, 0]__[26, 18, 25, 14, 10, 13]
   Pokemon: 118 29 10 0 -1 70 false false null null Male [216 20 20, 225 30 30, 139 35 35, null]__[1, 1, 1, 1, 1, 1]__[0, 0, 0, 0, 0, 0]__[29, 18, 17, 12, 15, 17]
   Pokemon: 120 26 10 0 -1 70 false false null null Genderless [244 25 25, 86 30 30, 224 35 35, null]__[1, 1, 1, 1, 1, 1]__[0, 0, 0, 0, 0, 0]__[26, 14, 16, 19, 16, 22]
 End Trainer
Trainer: 76 PokeFan Brandon 370 435 Sprites\PokeFan.png
   Pokemon: 1 25 9 0 -1 70 false false null null Male [106 10 10, 82 40 40, 224 35 35, null]__[1, 1, 1, 1, 1, 1]__[0, 0, 0, 0, 0, 0]__[25, 13, 13, 15, 15, 12]
   Pokemon: 56 24 9 0 -1 70 false false null null Male [107 30 30, 177 35 35, null, null]__[1, 1, 1, 1, 1, 1]__[0, 0, 0, 0, 0, 0]__[24, 17, 10, 10, 12, 16]
   Pokemon: 50 19 9 0 -1 70 false false null null Female [82 40 40, 177 35 35, null, null]__[1, 1, 1, 1, 1, 1]__[0, 0, 0, 0, 0, 0]__[19, 13, 9, 10, 12, 20]
   Pokemon: 58 26 9 0 -1 70 false false null null Male [166 20 20, 17 25 25, null, null]__[1, 1, 1, 1, 1, 1]__[0, 0, 0, 0, 0, 0]__[26, 16, 12, 16, 13, 14]
   Pokemon: 54 26 9 0 -1 70 false false null null Female [225 30 30, 177 35 35, null, null]__[1, 1, 1, 1, 1, 1]__[0, 0, 0, 0, 0, 0]__[26, 13, 12, 15, 13, 13]
   Pokemon: 209 27 9 0 -1 70 false false null null Male [25 20 20, 225 30 30, 176 10 10, 224 35 35]__[1, 1, 1, 1, 1, 1]__[0, 0, 0, 0, 0, 0]__[27, 17, 13, 11, 11, 9]
 End Trainer
End Trainers
Wild Pokemon: 10 12
[19, 19, 19, 19, 19, 19, 19, 19, 19, 19, 19, 19, 19, 19, 19, 19, 19, 19, 19, 19, 209, 209, 209, 209, 209, 209, 209, 209, 209, 209, 209, 209, 209, 209, 209, 209, 209, 209, 209, 209, 16, 16, 16, 16, 16, 16, 16, 16, 16, 16, 16, 16, 16, 16, 16, 63, 63, 63, 63, 63, 63, 63, 63, 63, 63, 39, 39, 39, 39, 39, 132, 132, 132, 132, 132, 21, 21, 21, 21, 21, 214, 214, 214, 214, 214, 190, 190, 190, 190, 190, 129, 129, 129, 129, 129, 98, 98, 98, 98, 98]
[19, 19, 19, 19, 19, 19, 19, 19, 19, 19, 19, 19, 19, 19, 19, 19, 19, 19, 19, 19, 209, 209, 209, 209, 209, 209, 209, 209, 209, 209, 209, 209, 209, 209, 209, 209, 209, 209, 209, 209, 16, 16, 16, 16, 16, 16, 16, 16, 16, 16, 16, 16, 16, 16, 16, 63, 63, 63, 63, 63, 63, 63, 63, 63, 63, 39, 39, 39, 39, 39, 132, 132, 132, 132, 132, 21, 21, 21, 21, 21, 214, 214, 214, 214, 214, 190, 190, 190, 190, 190, 129, 129, 129, 129, 129, 98, 98, 98, 98, 98]
[19, 19, 19, 19, 19, 19, 19, 19, 19, 19, 19, 19, 19, 19, 19, 19, 19, 19, 19, 19, 96, 96, 96, 96, 96, 96, 96, 96, 96, 96, 96, 96, 96, 96, 96, 96, 96, 96, 96, 96, 163, 163, 163, 163, 163, 163, 163, 163, 163, 163, 163, 163, 163, 163, 163, 63, 63, 63, 63, 63, 63, 63, 63, 63, 63, 39, 39, 39, 39, 39, 132, 132, 132, 132, 132, 21, 21, 21, 21, 21, 214, 214, 214, 214, 214, 190, 190, 190, 190, 190, 129, 129, 129, 129, 129, 98, 98, 98, 98, 98]
Menu: 
End Menu
