ID: 222
Type: Kanto
Event: N/A
Trainers: 
Trainer: 59 Lass Ellen 850 50 C:\Users\paris.nelson\Documents\PT\PT\Sprites\Lass.png
   Pokemon: 40 147 38 0 -1 70 false false null null Female [49 10 10, 40 40 40, 44 20 20, 183 15 15]__[1, 1, 1, 1, 1, 1]__[0, 0, 0, 0, 0, 0]__[147, 56, 38, 59, 41, 38]
   Pokemon: 115 119 38 0 -1 70 false false null null Female [156 20 20, 119 20 20, 225 30 30, 17 25 25]__[1, 1, 1, 1, 1, 1]__[0, 0, 0, 0, 0, 0]__[119, 72, 61, 33, 61, 68]
   Pokemon: 241 115 38 0 -1 70 false false null null Female [171 20 20, 15 10 10, 123 10 10, 207 20 20]__[1, 1, 1, 1, 1, 1]__[0, 0, 0, 0, 0, 0]__[115, 63, 81, 34, 56, 77]
   Pokemon: 210 111 38 0 -1 70 false false null null Female [166 20 20, 108 30 30, 17 25 25, 25 20 20]__[1, 1, 1, 1, 1, 1]__[0, 0, 0, 0, 0, 0]__[111, 92, 59, 48, 48, 38]
   Pokemon: 115 119 38 0 -1 70 false false null null Female [156 20 20, 119 20 20, 225 30 30, 17 25 25]__[1, 1, 1, 1, 1, 1]__[0, 0, 0, 0, 0, 0]__[119, 72, 61, 33, 61, 68]
   Pokemon: 128 98 38 0 -1 70 false false null null Male [163 10 10, 154 20 20, 176 10 10, 92 25 25]__[1, 1, 1, 1, 1, 1]__[0, 0, 0, 0, 0, 0]__[98, 75, 72, 33, 54, 82]
 End Trainer
Trainer: 60 Cooltrainer Kevin 925 50 C:\Users\paris.nelson\Documents\PT\PT\Sprites\CooltrainerM.png
   Pokemon: 111 104 38 0 -1 70 false false null null Female [176 10 10, 76 20 20, 207 20 20, 225 30 30]__[1, 1, 1, 1, 1, 1]__[0, 0, 0, 0, 0, 0]__[104, 66, 74, 27, 27, 23]
   Pokemon: 113 226 38 0 -1 70 false false null null Female [56 10 10, 183 15 15, 126 20 20, 49 10 10]__[1, 1, 1, 1, 1, 1]__[0, 0, 0, 0, 0, 0]__[226, 9, 9, 30, 81, 41]
   Pokemon: 114 93 38 0 -1 70 false false null null Male [211 30 30, 117 10 10, 16 20 20, 242 10 10]__[1, 1, 1, 1, 1, 1]__[0, 0, 0, 0, 0, 0]__[93, 45, 88, 77, 34, 48]
   Pokemon: 137 93 38 0 -1 70 false false null null Genderless [237 10 10, 110 5 5, 182 30 30, 161 20 20]__[1, 1, 1, 1, 1, 1]__[0, 0, 0, 0, 0, 0]__[93, 48, 56, 66, 59, 34]
   Pokemon: 233 107 38 0 -1 70 false false null null Genderless [237 10 10, 110 5 5, 40 40 40, 161 20 20]__[1, 1, 1, 1, 1, 1]__[0, 0, 0, 0, 0, 0]__[107, 63, 70, 81, 74, 48]
   Pokemon: 34 105 38 0 -1 70 false false null null Male [229 20 20, 144 35 35, 46 30 30, 92 25 25]__[1, 1, 1, 1, 1, 1]__[0, 0, 0, 0, 0, 0]__[105, 71, 61, 66, 59, 66]
 End Trainer
End Trainers
Wild Pokemon: 8 14
[10, 10, 10, 10, 10, 10, 10, 10, 10, 10, 10, 10, 10, 10, 10, 10, 10, 10, 10, 10, 10, 10, 10, 10, 10, 10, 10, 10, 10, 10, 10, 10, 10, 10, 10, 10, 10, 10, 10, 10, 10, 10, 10, 10, 10, 10, 10, 10, 10, 10, 10, 10, 10, 10, 10, 10, 10, 10, 10, 10, 11, 11, 11, 11, 11, 11, 11, 11, 11, 11, 11, 11, 11, 11, 11, 11, 11, 11, 11, 11, 63, 63, 63, 63, 63, 63, 63, 63, 63, 63, 69, 69, 69, 69, 69, 12, 12, 12, 12, 12]
[10, 10, 10, 10, 10, 10, 10, 10, 10, 10, 10, 10, 10, 10, 10, 10, 10, 10, 10, 10, 10, 10, 10, 10, 10, 10, 10, 10, 10, 10, 10, 10, 10, 10, 10, 10, 10, 10, 10, 10, 10, 10, 10, 10, 10, 10, 10, 10, 10, 10, 191, 191, 191, 191, 191, 191, 191, 191, 191, 191, 191, 191, 191, 191, 191, 191, 191, 191, 191, 191, 191, 191, 191, 191, 191, 191, 191, 191, 191, 191, 63, 63, 63, 63, 63, 63, 63, 63, 63, 63, 69, 69, 69, 69, 69, 12, 12, 12, 12, 12]
[43, 43, 43, 43, 43, 43, 43, 43, 43, 43, 43, 43, 43, 43, 43, 43, 43, 43, 43, 43, 43, 43, 43, 43, 43, 43, 43, 43, 43, 43, 43, 43, 43, 43, 43, 43, 43, 43, 43, 43, 43, 43, 43, 43, 43, 43, 43, 43, 43, 43, 48, 48, 48, 48, 48, 48, 48, 48, 48, 48, 48, 48, 48, 48, 48, 48, 48, 48, 48, 48, 48, 48, 48, 48, 48, 48, 48, 48, 48, 48, 63, 63, 63, 63, 63, 63, 63, 63, 63, 63, 69, 69, 69, 69, 69, 44, 44, 44, 44, 44]
Menu: 
End Menu
