ID: 233
Type: Johto
Event: N/A
Trainers: 
Trainer: 82 Beauty Anne 500 130 Sprites\Beauty.png
   Pokemon: 35 48 16 0 -1 70 false false null null Female [49 10 10, 183 15 15, 58 5 5, 82 40 40]__[1, 1, 1, 1, 1, 1]__[0, 0, 0, 0, 0, 0]__[48, 19, 20, 24, 26, 16]
   Pokemon: 39 63 16 0 -1 70 false false null null Male [44 20 20, 146 35 35, 40 40 40, 183 15 15]__[1, 1, 1, 1, 1, 1]__[0, 0, 0, 0, 0, 0]__[63, 19, 11, 19, 13, 11]
   Pokemon: 35 48 16 0 -1 70 false false null null Male [49 10 10, 183 15 15, 58 5 5, 82 40 40]__[1, 1, 1, 1, 1, 1]__[0, 0, 0, 0, 0, 0]__[48, 19, 20, 24, 26, 16]
   Pokemon: 39 63 16 0 -1 70 false false null null Female [44 20 20, 146 35 35, 40 40 40, 183 15 15]__[1, 1, 1, 1, 1, 1]__[0, 0, 0, 0, 0, 0]__[63, 19, 11, 19, 13, 11]
   Pokemon: 234 49 16 0 -1 70 false false null null Female [97 20 20, 107 30 30, 224 35 35, null]__[1, 1, 1, 1, 1, 1]__[0, 0, 0, 0, 0, 0]__[49, 35, 25, 32, 26, 32]
   Pokemon: 234 49 16 0 -1 70 false false null null Male [97 20 20, 107 30 30, 224 35 35, null]__[1, 1, 1, 1, 1, 1]__[0, 0, 0, 0, 0, 0]__[49, 35, 25, 32, 26, 32]
 End Trainer
End Trainers
Wild Pokemon: 13 16
[185, 185, 185, 185, 185, 16, 16, 16, 16, 16, 16, 16, 16, 16, 16, 16, 16, 16, 16, 16, 58, 58, 58, 58, 58, 58, 58, 58, 58, 58, 58, 58, 58, 58, 58, 58, 58, 58, 58, 58, 58, 58, 58, 58, 58, 58, 58, 58, 58, 58, 165, 165, 165, 165, 165, 165, 165, 165, 165, 165, 165, 165, 165, 165, 165, 165, 165, 165, 165, 165, 165, 165, 165, 165, 165, 165, 165, 165, 165, 165, 17, 17, 17, 17, 17, 166, 166, 166, 166, 166, 177, 177, 177, 177, 177, 177, 177, 177, 177, 177]
[185, 185, 185, 185, 185, 16, 16, 16, 16, 16, 16, 16, 16, 16, 16, 16, 16, 16, 16, 16, 16, 16, 16, 16, 16, 16, 16, 16, 16, 16, 16, 16, 16, 16, 16, 16, 16, 16, 16, 16, 16, 16, 16, 16, 58, 58, 58, 58, 58, 58, 58, 58, 58, 58, 58, 58, 58, 58, 58, 58, 58, 58, 58, 58, 58, 58, 58, 58, 58, 58, 58, 58, 58, 58, 58, 58, 58, 58, 58, 58, 58, 58, 58, 58, 17, 17, 17, 17, 17, 177, 177, 177, 177, 177, 177, 177, 177, 177, 177]
[234, 234, 234, 234, 234, 234, 234, 234, 234, 234, 234, 234, 234, 234, 234, 234, 234, 234, 234, 234, 234, 234, 234, 234, 234, 234, 234, 234, 234, 234, 167, 167, 167, 167, 167, 167, 167, 167, 167, 167, 167, 167, 167, 167, 167, 167, 167, 167, 167, 167, 167, 167, 167, 167, 167, 167, 167, 167, 167, 167, 163, 163, 163, 163, 163, 163, 163, 163, 163, 163, 163, 163, 163, 163, 163, 163, 163, 163, 163, 163, 164, 164, 164, 164, 164, 168, 168, 168, 168, 168, 177, 177, 177, 177, 177, 177, 177, 177, 177, 177]
Menu: 
End Menu
