ID: 205
Type: Kanto
Event: N/A
Trainers: 
Trainer: 102 PokeFan Rex 775 250 C:\Users\paris.nelson\Documents\PT\PT\Sprites\PokeFan.png
   Pokemon: 175 70 38 0 -1 70 false false null null Male [173 25 25, 58 5 5, 219 10 10, 122 10 10]__[1, 1, 1, 1, 1, 1]__[0, 0, 0, 0, 0, 0]__[70, 19, 51, 33, 51, 19]
   Pokemon: 183 94 38 0 -1 70 false false null null Female [48 15 15, 24 20 20, 171 20 20, 244 25 25]__[1, 1, 1, 1, 1, 1]__[0, 0, 0, 0, 0, 0]__[94, 19, 40, 19, 40, 33]
   Pokemon: 190 84 38 0 -1 70 false false null null Female [221 20 20, 78 15 15, 12 40 40, 174 15 15]__[1, 1, 1, 1, 1, 1]__[0, 0, 0, 0, 0, 0]__[84, 54, 44, 33, 44, 65]
   Pokemon: 216 87 38 0 -1 70 false false null null Female [163 10 10, 62 25 25, 78 15 15, 108 30 30]__[1, 1, 1, 1, 1, 1]__[0, 0, 0, 0, 0, 0]__[87, 61, 40, 40, 40, 33]
   Pokemon: 231 108 38 0 -1 70 false false null null Female [171 20 20, 226 20 20, 68 15 15, 40 40 40]__[1, 1, 1, 1, 1, 1]__[0, 0, 0, 0, 0, 0]__[108, 47, 47, 33, 33, 33]
   Pokemon: 234 96 38 0 -1 70 false false null null Female [174 15 15, 207 20 20, 97 20 20, 107 30 30]__[1, 1, 1, 1, 1, 1]__[0, 0, 0, 0, 0, 0]__[96, 72, 49, 65, 51, 65]
 End Trainer
End Trainers
Wild Pokemon: 12 15
[19, 19, 19, 19, 19, 19, 19, 19, 19, 19, 19, 19, 19, 19, 19, 19, 19, 19, 19, 19, 19, 19, 19, 19, 19, 19, 19, 19, 19, 19, 209, 209, 209, 209, 209, 209, 209, 209, 209, 209, 209, 209, 209, 209, 209, 209, 209, 209, 209, 209, 209, 209, 209, 209, 209, 209, 209, 209, 209, 209, 81, 81, 81, 81, 81, 81, 81, 81, 81, 81, 81, 81, 81, 81, 81, 81, 81, 81, 81, 81, 20, 20, 20, 20, 20, 20, 20, 20, 20, 20, 39, 39, 39, 39, 39, 210, 210, 210, 210, 210]
[19, 19, 19, 19, 19, 19, 19, 19, 19, 19, 19, 19, 19, 19, 19, 19, 19, 19, 19, 19, 19, 19, 19, 19, 19, 19, 19, 19, 19, 19, 209, 209, 209, 209, 209, 209, 209, 209, 209, 209, 209, 209, 209, 209, 209, 209, 209, 209, 209, 209, 209, 209, 209, 209, 209, 209, 209, 209, 209, 209, 81, 81, 81, 81, 81, 81, 81, 81, 81, 81, 81, 81, 81, 81, 81, 81, 81, 81, 81, 81, 20, 20, 20, 20, 20, 20, 20, 20, 20, 20, 39, 39, 39, 39, 39, 210, 210, 210, 210, 210]
[52, 52, 52, 52, 52, 52, 52, 52, 52, 52, 52, 52, 52, 52, 52, 52, 52, 52, 52, 52, 52, 52, 52, 52, 52, 52, 52, 52, 52, 52, 96, 96, 96, 96, 96, 96, 96, 96, 96, 96, 96, 96, 96, 96, 96, 96, 96, 96, 96, 96, 96, 96, 96, 96, 96, 96, 96, 96, 96, 96, 81, 81, 81, 81, 81, 81, 81, 81, 81, 81, 81, 81, 81, 81, 81, 81, 81, 81, 81, 81, 20, 20, 20, 20, 20, 54, 54, 54, 54, 54, 54, 54, 54, 54, 54, 39, 39, 39, 39, 39]
Menu: 
End Menu
