ID: 297
Type: Johto
Event: N/A
Trainers: 
Trainer: 80 Psychic Mark 400 160 Sprites\Psychic.png
   Pokemon: 64 39 16 0 -1 70 false false null null Female [29 25 25, 104 15 15, 227 20 20, null]__[1, 1, 1, 1, 1, 1]__[0, 0, 0, 0, 0, 0]__[39, 16, 14, 43, 27, 38]
   Pokemon: 64 39 16 0 -1 70 false false null null Male [29 25 25, 104 15 15, 227 20 20, null]__[1, 1, 1, 1, 1, 1]__[0, 0, 0, 0, 0, 0]__[39, 16, 14, 43, 27, 38]
   Pokemon: 54 40 15 0 -1 70 false false null null Female [44 20 20, 225 30 30, 177 35 35, null]__[1, 1, 1, 1, 1, 1]__[0, 0, 0, 0, 0, 0]__[40, 20, 19, 24, 20, 21]
   Pokemon: 79 52 15 0 -1 70 false false null null Female [244 25 25, 82 40 40, 224 35 35, 38 10 10]__[1, 1, 1, 1, 1, 1]__[0, 0, 0, 0, 0, 0]__[52, 24, 24, 17, 17, 9]
   Pokemon: 96 43 15 0 -1 70 false false null null Female [44 20 20, 97 20 20, 146 35 35, null]__[1, 1, 1, 1, 1, 1]__[0, 0, 0, 0, 0, 0]__[43, 19, 18, 18, 32, 17]
 End Trainer
Trainer: 81 Schoolboy Alan 450 160 Sprites\Schoolboy.png
   Pokemon: 114 47 16 0 -1 70 false false null null Female [145 35 35, 1 20 20, 189 15 15, 30 35 35]__[1, 1, 1, 1, 1, 1]__[0, 0, 0, 0, 0, 0]__[47, 22, 42, 37, 18, 24]
   Pokemon: 114 47 16 0 -1 70 false false null null Male [145 35 35, 1 20 20, 189 15 15, 30 35 35]__[1, 1, 1, 1, 1, 1]__[0, 0, 0, 0, 0, 0]__[47, 22, 42, 37, 18, 24]
   Pokemon: 104 42 16 0 -1 70 false false null null Female [88 15 15, 20 20 20, 225 30 30, 82 40 40]__[1, 1, 1, 1, 1, 1]__[0, 0, 0, 0, 0, 0]__[42, 21, 35, 18, 21, 16]
 End Trainer
End Trainers
Wild Pokemon: 11 14
[235, 235, 235, 16, 16, 16, 16, 16, 16, 16, 16, 16, 16, 16, 16, 16, 16, 16, 16, 16, 16, 16, 16, 16, 16, 165, 165, 165, 165, 165, 165, 165, 165, 165, 165, 165, 165, 165, 165, 165, 165, 165, 165, 165, 165, 165, 165, 165, 165, 165, 165, 165, 165, 165, 165, 69, 69, 69, 69, 69, 69, 69, 69, 69, 69, 69, 69, 69, 69, 69, 69, 69, 69, 69, 69, 58, 58, 58, 58, 58, 58, 58, 58, 58, 58, 37, 37, 37, 37, 37, 214, 214, 214, 214, 214, 21, 21, 21, 21, 21]
[235, 235, 235, 16, 16, 16, 16, 16, 16, 16, 16, 16, 16, 16, 16, 16, 16, 16, 16, 16, 16, 16, 16, 16, 16, 16, 16, 16, 16, 16, 16, 16, 16, 16, 16, 16, 16, 16, 16, 16, 16, 16, 16, 16, 16, 16, 16, 16, 16, 16, 16, 16, 16, 16, 16, 69, 69, 69, 69, 69, 69, 69, 69, 69, 69, 69, 69, 69, 69, 69, 69, 69, 69, 69, 69, 58, 58, 58, 58, 58, 58, 58, 58, 58, 58, 37, 37, 37, 37, 37, 214, 214, 214, 214, 214, 21, 21, 21, 21, 21]
[235, 235, 235, 163, 163, 163, 163, 163, 163, 163, 163, 163, 163, 163, 163, 163, 163, 163, 163, 163, 163, 163, 163, 163, 163, 163, 163, 163, 163, 163, 167, 167, 167, 167, 167, 167, 167, 167, 167, 167, 167, 167, 167, 167, 167, 167, 167, 167, 167, 167, 167, 167, 167, 167, 167, 167, 167, 167, 167, 167, 69, 69, 69, 69, 69, 69, 69, 69, 69, 69, 69, 69, 69, 69, 69, 69, 69, 69, 69, 69, 92, 92, 92, 92, 92, 37, 37, 37, 37, 37, 214, 214, 214, 214, 214, 21, 21, 21, 21, 21]
Menu: 
End Menu
