ID: 295
Type: Johto
Event: N/A
Trainers: 
Trainer: 92 Bug Catcher Troy 575 85 C:\Users\paris.nelson\Documents\PT\PT\Sprites\BugCatcher.png
   Pokemon: 166 46 17 0 -1 70 false false null null Male [27 15 15, 216 20 20, 224 35 35, null]__[1, 1, 1, 1, 1, 1]__[0, 0, 0, 0, 0, 0]__[46, 17, 22, 24, 42, 34]
   Pokemon: 168 51 17 0 -1 70 false false null null Male [133 15 15, 30 35 35, 176 10 10, 209 40 40]__[1, 1, 1, 1, 1, 1]__[0, 0, 0, 0, 0, 0]__[51, 35, 29, 25, 25, 18]
   Pokemon: 12 47 17 0 -1 70 false false null null Male [189 15 15, 211 30 30, 145 35 35, 29 25 25]__[1, 1, 1, 1, 1, 1]__[0, 0, 0, 0, 0, 0]__[47, 20, 22, 32, 32, 29]
   Pokemon: 15 49 17 0 -1 70 false false null null Female [73 30 30, 76 20 20, null, null]__[1, 1, 1, 1, 1, 1]__[0, 0, 0, 0, 0, 0]__[49, 32, 18, 20, 32, 30]
   Pokemon: 193 49 17 0 -1 70 false false null null Male [47 15 15, 155 30 30, 74 40 40, 224 35 35]__[1, 1, 1, 1, 1, 1]__[0, 0, 0, 0, 0, 0]__[49, 27, 20, 30, 20, 37]
   Pokemon: 204 44 17 0 -1 70 false false null null Female [226 20 20, 180 5 5, 149 10 10, 224 35 35]__[1, 1, 1, 1, 1, 1]__[0, 0, 0, 0, 0, 0]__[44, 27, 35, 17, 17, 10]
 End Trainer
End Trainers
Wild Pokemon: 13 16
[21, 21, 21, 21, 21, 21, 21, 21, 21, 21, 21, 21, 21, 21, 21, 21, 21, 21, 21, 21, 23, 23, 23, 23, 23, 23, 23, 23, 23, 23, 23, 23, 23, 23, 23, 23, 23, 23, 23, 23, 23, 23, 23, 23, 23, 23, 23, 23, 23, 23, 20, 20, 20, 20, 20, 20, 20, 20, 20, 20, 22, 22, 22, 22, 22, 24, 24, 24, 24, 24, 118, 118, 118, 118, 118, 118, 118, 118, 118, 118, 56, 56, 56, 56, 56, 56, 56, 56, 56, 56, 102, 102, 102, 102, 102, 102, 102, 102, 102, 102]
[21, 21, 21, 21, 21, 21, 21, 21, 21, 21, 21, 21, 21, 21, 21, 21, 21, 21, 21, 21, 23, 23, 23, 23, 23, 23, 23, 23, 23, 23, 23, 23, 23, 23, 23, 23, 23, 23, 23, 23, 23, 23, 23, 23, 23, 23, 23, 23, 23, 23, 20, 20, 20, 20, 20, 20, 20, 20, 20, 20, 22, 22, 22, 22, 22, 24, 24, 24, 24, 24, 118, 118, 118, 118, 118, 118, 118, 118, 118, 118, 56, 56, 56, 56, 56, 56, 56, 56, 56, 56, 102, 102, 102, 102, 102, 102, 102, 102, 102, 102]
[41, 41, 41, 41, 41, 41, 41, 41, 41, 41, 41, 41, 41, 41, 41, 41, 41, 41, 41, 41, 41, 41, 41, 41, 41, 20, 20, 20, 20, 20, 20, 20, 20, 20, 20, 20, 20, 20, 20, 20, 20, 20, 20, 20, 20, 42, 42, 42, 42, 42, 42, 42, 42, 42, 42, 42, 42, 42, 42, 42, 183, 183, 183, 183, 183, 183, 183, 183, 183, 183, 118, 118, 118, 118, 118, 118, 118, 118, 118, 118, 56, 56, 56, 56, 56, 56, 56, 56, 56, 56, 102, 102, 102, 102, 102, 102, 102, 102, 102, 102]
Menu: 
End Menu
