ID: 296
Type: Johto
Event: N/A
Trainers: 
Trainer: 93 Fisherman Tully 710 85 Sprites\Fisherman.png
   Pokemon: 211 70 26 0 -1 70 false false null null Male [244 25 25, 126 20 20, 86 30 30, 144 35 35]__[1, 1, 1, 1, 1, 1]__[0, 0, 0, 0, 0, 0]__[70, 54, 44, 34, 34, 49]
   Pokemon: 211 70 26 0 -1 70 false false null null Female [244 25 25, 126 20 20, 86 30 30, 144 35 35]__[1, 1, 1, 1, 1, 1]__[0, 0, 0, 0, 0, 0]__[70, 54, 44, 34, 34, 49]
   Pokemon: 223 54 26 0 -1 70 false false null null Male [24 20 20, 9 20 20, 150 20 20, 110 5 5]__[1, 1, 1, 1, 1, 1]__[0, 0, 0, 0, 0, 0]__[54, 39, 23, 39, 23, 39]
   Pokemon: 223 54 26 0 -1 70 false false null null Male [24 20 20, 9 20 20, 150 20 20, 110 5 5]__[1, 1, 1, 1, 1, 1]__[0, 0, 0, 0, 0, 0]__[54, 39, 23, 39, 23, 39]
   Pokemon: 118 59 26 0 -1 70 false false null null Female [68 15 15, 92 25 25, 216 20 20, 225 30 30]__[1, 1, 1, 1, 1, 1]__[0, 0, 0, 0, 0, 0]__[59, 40, 36, 23, 31, 38]
   Pokemon: 118 59 26 0 -1 70 false false null null Female [68 15 15, 92 25 25, 216 20 20, 225 30 30]__[1, 1, 1, 1, 1, 1]__[0, 0, 0, 0, 0, 0]__[59, 40, 36, 23, 31, 38]
 End Trainer
Trainer: 94 PokeManiac Shane 775 85 Sprites\PokeManiac.png
   Pokemon: 29 65 26 0 -1 70 false false null null Female [225 30 30, 144 35 35, 46 30 30, 177 35 35]__[1, 1, 1, 1, 1, 1]__[0, 0, 0, 0, 0, 0]__[65, 29, 32, 26, 26, 26]
   Pokemon: 32 60 26 0 -1 70 false false null null Male [73 30 30, 144 35 35, 46 30 30, 92 25 25]__[1, 1, 1, 1, 1, 1]__[0, 0, 0, 0, 0, 0]__[60, 35, 26, 26, 26, 31]
   Pokemon: 33 68 26 0 -1 70 false false null null Male [144 35 35, 46 30 30, 92 25 25, 224 35 35]__[1, 1, 1, 1, 1, 1]__[0, 0, 0, 0, 0, 0]__[68, 42, 35, 34, 34, 39]
   Pokemon: 33 68 26 0 -1 70 false false null null Male [144 35 35, 46 30 30, 92 25 25, 224 35 35]__[1, 1, 1, 1, 1, 1]__[0, 0, 0, 0, 0, 0]__[68, 42, 35, 34, 34, 39]
   Pokemon: 30 72 26 0 -1 70 false false null null Female [144 35 35, 46 30 30, 177 35 35, 224 35 35]__[1, 1, 1, 1, 1, 1]__[0, 0, 0, 0, 0, 0]__[72, 37, 40, 34, 34, 34]
   Pokemon: 30 72 26 0 -1 70 false false null null Female [144 35 35, 46 30 30, 177 35 35, 224 35 35]__[1, 1, 1, 1, 1, 1]__[0, 0, 0, 0, 0, 0]__[72, 37, 40, 34, 34, 34]
 End Trainer
End Trainers
Wild Pokemon: 13 16
[21, 21, 21, 21, 21, 21, 21, 21, 21, 21, 21, 21, 21, 21, 21, 21, 21, 21, 21, 21, 23, 23, 23, 23, 23, 23, 23, 23, 23, 23, 23, 23, 23, 23, 23, 23, 23, 23, 23, 23, 23, 23, 23, 23, 23, 23, 23, 23, 23, 23, 20, 20, 20, 20, 20, 20, 20, 20, 20, 20, 22, 22, 22, 22, 22, 24, 24, 24, 24, 24, 118, 118, 118, 118, 118, 118, 118, 118, 118, 118, 56, 56, 56, 56, 56, 56, 56, 56, 56, 56, 102, 102, 102, 102, 102, 102, 102, 102, 102, 102]
[21, 21, 21, 21, 21, 21, 21, 21, 21, 21, 21, 21, 21, 21, 21, 21, 21, 21, 21, 21, 23, 23, 23, 23, 23, 23, 23, 23, 23, 23, 23, 23, 23, 23, 23, 23, 23, 23, 23, 23, 23, 23, 23, 23, 23, 23, 23, 23, 23, 23, 20, 20, 20, 20, 20, 20, 20, 20, 20, 20, 22, 22, 22, 22, 22, 24, 24, 24, 24, 24, 118, 118, 118, 118, 118, 118, 118, 118, 118, 118, 56, 56, 56, 56, 56, 56, 56, 56, 56, 56, 102, 102, 102, 102, 102, 102, 102, 102, 102, 102]
[41, 41, 41, 41, 41, 41, 41, 41, 41, 41, 41, 41, 41, 41, 41, 41, 41, 41, 41, 41, 41, 41, 41, 41, 41, 20, 20, 20, 20, 20, 20, 20, 20, 20, 20, 20, 20, 20, 20, 20, 20, 20, 20, 20, 20, 42, 42, 42, 42, 42, 42, 42, 42, 42, 42, 42, 42, 42, 42, 42, 183, 183, 183, 183, 183, 183, 183, 183, 183, 183, 118, 118, 118, 118, 118, 118, 118, 118, 118, 118, 56, 56, 56, 56, 56, 56, 56, 56, 56, 56, 102, 102, 102, 102, 102, 102, 102, 102, 102, 102]
Menu: 
End Menu
