ID: 216
Type: Kanto
Event: N/A
Trainers: 
Trainer: 55 Bird Keeper Boris 600 450 C:\Users\paris.nelson\Documents\PT\PT\Sprites\BirdKeeper.png
   Pokemon: 164 124 38 0 -1 70 false false null null Female [226 20 20, 162 20 20, 97 20 20, 139 35 35]__[1, 1, 1, 1, 1, 1]__[0, 0, 0, 0, 0, 0]__[124, 43, 43, 63, 78, 58]
   Pokemon: 164 124 38 0 -1 70 false false null null Female [226 20 20, 162 20 20, 97 20 20, 139 35 35]__[1, 1, 1, 1, 1, 1]__[0, 0, 0, 0, 0, 0]__[124, 43, 43, 63, 78, 58]
   Pokemon: 85 94 38 0 -1 70 false false null null Female [53 20 20, 156 20 20, 237 10 10, 76 20 20]__[1, 1, 1, 1, 1, 1]__[0, 0, 0, 0, 0, 0]__[94, 89, 58, 51, 51, 81]
   Pokemon: 85 94 38 0 -1 70 false false null null Male [53 20 20, 156 20 20, 237 10 10, 76 20 20]__[1, 1, 1, 1, 1, 1]__[0, 0, 0, 0, 0, 0]__[94, 89, 58, 51, 51, 81]
   Pokemon: 85 94 38 0 -1 70 false false null null Male [53 20 20, 156 20 20, 237 10 10, 76 20 20]__[1, 1, 1, 1, 1, 1]__[0, 0, 0, 0, 0, 0]__[94, 89, 58, 51, 51, 81]
   Pokemon: 85 94 38 0 -1 70 false false null null Male [53 20 20, 156 20 20, 237 10 10, 76 20 20]__[1, 1, 1, 1, 1, 1]__[0, 0, 0, 0, 0, 0]__[94, 89, 58, 51, 51, 81]
 End Trainer
End Trainers
Wild Pokemon: 26 30
[88, 88, 88, 88, 88, 88, 88, 88, 88, 88, 88, 88, 88, 88, 88, 88, 88, 88, 88, 88, 88, 88, 88, 88, 88, 88, 88, 88, 88, 88, 88, 88, 88, 88, 88, 88, 88, 88, 88, 88, 88, 88, 88, 88, 88, 88, 88, 88, 88, 88, 22, 22, 22, 22, 22, 22, 22, 22, 22, 22, 22, 22, 22, 22, 22, 22, 22, 22, 22, 22, 22, 22, 22, 22, 22, 22, 22, 22, 22, 22, 22, 22, 22, 22, 22, 22, 22, 22, 22, 22, 22, 22, 22, 22, 22, 89, 89, 89, 89, 89]
[88, 88, 88, 88, 88, 88, 88, 88, 88, 88, 88, 88, 88, 88, 88, 88, 88, 88, 88, 88, 88, 88, 88, 88, 88, 88, 88, 88, 88, 88, 88, 88, 88, 88, 88, 88, 88, 88, 88, 88, 88, 88, 88, 88, 88, 88, 88, 88, 88, 88, 22, 22, 22, 22, 22, 22, 22, 22, 22, 22, 22, 22, 22, 22, 22, 22, 22, 22, 22, 22, 22, 22, 22, 22, 22, 22, 22, 22, 22, 22, 22, 22, 22, 22, 22, 22, 22, 22, 22, 22, 89, 89, 89, 89, 89, 218, 218, 218, 218, 218]
[88, 88, 88, 88, 88, 88, 88, 88, 88, 88, 88, 88, 88, 88, 88, 88, 88, 88, 88, 88, 88, 88, 88, 88, 88, 88, 88, 88, 88, 88, 88, 88, 88, 88, 88, 88, 88, 88, 88, 88, 88, 88, 88, 88, 88, 88, 88, 88, 88, 88, 88, 88, 88, 88, 88, 88, 88, 88, 88, 88, 88, 88, 88, 88, 88, 88, 88, 88, 88, 88, 88, 88, 88, 88, 88, 88, 88, 88, 88, 88, 198, 198, 198, 198, 198, 198, 198, 198, 198, 198, 198, 198, 198, 198, 198, 89, 89, 89, 89, 89]
Menu: 
End Menu
