ID: 206
Type: Kanto
Event: N/A
Trainers: 
End Trainers
Wild Pokemon: 16 18
[19, 19, 19, 19, 19, 19, 19, 19, 19, 19, 19, 19, 19, 19, 19, 19, 19, 19, 19, 19, 19, 19, 19, 19, 19, 19, 19, 19, 19, 19, 21, 21, 21, 21, 21, 21, 21, 21, 21, 21, 21, 21, 21, 21, 21, 21, 21, 21, 21, 21, 21, 21, 21, 21, 21, 21, 21, 21, 21, 21, 209, 209, 209, 209, 209, 209, 209, 209, 209, 209, 209, 209, 209, 209, 209, 209, 209, 209, 209, 209, 20, 20, 20, 20, 20, 20, 20, 20, 20, 20, 39, 39, 39, 39, 39, 39, 39, 39, 39, 39]
[19, 19, 19, 19, 19, 19, 19, 19, 19, 19, 19, 19, 19, 19, 19, 19, 19, 19, 19, 19, 19, 19, 19, 19, 19, 19, 19, 19, 19, 19, 21, 21, 21, 21, 21, 21, 21, 21, 21, 21, 21, 21, 21, 21, 21, 21, 21, 21, 21, 21, 21, 21, 21, 21, 21, 21, 21, 21, 21, 21, 209, 209, 209, 209, 209, 209, 209, 209, 209, 209, 209, 209, 209, 209, 209, 209, 209, 209, 209, 209, 20, 20, 20, 20, 20, 20, 20, 20, 20, 20, 39, 39, 39, 39, 39, 39, 39, 39, 39, 39]
[52, 52, 52, 52, 52, 52, 52, 52, 52, 52, 52, 52, 52, 52, 52, 52, 52, 52, 52, 52, 52, 52, 52, 52, 52, 52, 52, 52, 52, 52, 198, 198, 198, 198, 198, 198, 198, 198, 198, 198, 198, 198, 198, 198, 198, 198, 198, 198, 198, 198, 198, 198, 198, 198, 198, 198, 198, 198, 198, 198, 228, 228, 228, 228, 228, 228, 228, 228, 228, 228, 228, 228, 228, 228, 228, 228, 228, 228, 228, 228, 228, 228, 228, 228, 228, 53, 53, 53, 53, 53, 53, 53, 53, 53, 53, 39, 39, 39, 39, 39]
Menu: 
End Menu
