ID: 214
Type: Kanto
Event: N/A
Trainers: 
Trainer: 52 Schoolboy Billy 800 450 C:\Users\paris.nelson\Documents\PT\PT\Sprites\Schoolboy.png
   Pokemon: 61 98 38 0 -1 70 false false null null Male [19 15 15, 157 5 5, 49 10 10, 244 25 25]__[1, 1, 1, 1, 1, 1]__[0, 0, 0, 0, 0, 0]__[98, 55, 55, 43, 43, 74]
   Pokemon: 105 94 38 0 -1 70 false false null null Female [156 20 20, 22 10 10, 73 30 30, 107 30 30]__[1, 1, 1, 1, 1, 1]__[0, 0, 0, 0, 0, 0]__[94, 66, 89, 43, 66, 39]
   Pokemon: 105 94 38 0 -1 70 false false null null Male [156 20 20, 22 10 10, 73 30 30, 107 30 30]__[1, 1, 1, 1, 1, 1]__[0, 0, 0, 0, 0, 0]__[94, 66, 89, 43, 66, 39]
   Pokemon: 53 98 38 0 -1 70 false false null null Female [178 10 10, 62 25 25, 138 20 20, 17 25 25]__[1, 1, 1, 1, 1, 1]__[0, 0, 0, 0, 0, 0]__[98, 58, 51, 55, 55, 93]
   Pokemon: 82 86 38 0 -1 70 false false null null Male [237 10 10, 110 5 5, 231 20 20, 198 20 20]__[1, 1, 1, 1, 1, 1]__[0, 0, 0, 0, 0, 0]__[86, 51, 77, 96, 58, 58]
   Pokemon: 53 98 38 0 -1 70 false false null null Male [178 10 10, 62 25 25, 138 20 20, 17 25 25]__[1, 1, 1, 1, 1, 1]__[0, 0, 0, 0, 0, 0]__[98, 58, 51, 55, 55, 93]
 End Trainer
Trainer: 53 PokeManiac Jim 850 450 C:\Users\paris.nelson\Documents\PT\PT\Sprites\PokeManiac.png
   Pokemon: 115 122 36 0 -1 70 false false null null Female [156 20 20, 119 20 20, 225 30 30, 17 25 25]__[1, 1, 1, 1, 1, 1]__[0, 0, 0, 0, 0, 0]__[122, 74, 63, 34, 63, 70]
   Pokemon: 115 122 36 0 -1 70 false false null null Female [156 20 20, 119 20 20, 225 30 30, 17 25 25]__[1, 1, 1, 1, 1, 1]__[0, 0, 0, 0, 0, 0]__[122, 74, 63, 34, 63, 70]
   Pokemon: 241 115 36 0 -1 70 false false null null Female [171 20 20, 15 10 10, 123 10 10, 207 20 20]__[1, 1, 1, 1, 1, 1]__[0, 0, 0, 0, 0, 0]__[115, 63, 81, 34, 56, 77]
   Pokemon: 128 100 36 0 -1 70 false false null null Male [163 10 10, 154 20 20, 176 10 10, 92 25 25]__[1, 1, 1, 1, 1, 1]__[0, 0, 0, 0, 0, 0]__[100, 77, 74, 34, 56, 84]
   Pokemon: 113 226 36 0 -1 70 false false null null Female [56 10 10, 183 15 15, 126 20 20, 49 10 10]__[1, 1, 1, 1, 1, 1]__[0, 0, 0, 0, 0, 0]__[226, 9, 9, 30, 81, 41]
   Pokemon: 242 230 36 0 -1 70 false false null null Female [40 40 40, 56 10 10, 183 15 15, 126 20 20]__[1, 1, 1, 1, 1, 1]__[0, 0, 0, 0, 0, 0]__[230, 12, 12, 59, 102, 45]
 End Trainer
End Trainers
Wild Pokemon: 23 25
[30, 30, 30, 30, 30, 30, 30, 30, 30, 30, 30, 30, 30, 30, 30, 30, 30, 30, 30, 30, 30, 30, 30, 30, 30, 30, 30, 30, 30, 30, 33, 33, 33, 33, 33, 33, 33, 33, 33, 33, 33, 33, 33, 33, 33, 33, 33, 33, 33, 33, 33, 33, 33, 33, 33, 33, 33, 33, 33, 33, 17, 17, 17, 17, 17, 17, 17, 17, 17, 17, 17, 17, 17, 17, 17, 17, 17, 17, 17, 17, 187, 187, 187, 187, 187, 187, 187, 187, 187, 187, 187, 187, 187, 187, 187, 187, 187, 113, 113, 113]
[30, 30, 30, 30, 30, 30, 30, 30, 30, 30, 30, 30, 30, 30, 30, 30, 30, 30, 30, 30, 30, 30, 30, 30, 30, 30, 30, 30, 30, 30, 33, 33, 33, 33, 33, 33, 33, 33, 33, 33, 33, 33, 33, 33, 33, 33, 33, 33, 33, 33, 33, 33, 33, 33, 33, 33, 33, 33, 33, 33, 17, 17, 17, 17, 17, 17, 17, 17, 17, 17, 17, 17, 17, 17, 17, 17, 17, 17, 17, 17, 187, 187, 187, 187, 187, 187, 187, 187, 187, 187, 187, 187, 187, 187, 187, 187, 187, 113, 113, 113]
[195, 195, 195, 195, 195, 195, 195, 195, 195, 195, 195, 195, 195, 195, 195, 195, 195, 195, 195, 195, 195, 195, 195, 195, 195, 195, 195, 195, 195, 195, 195, 195, 195, 195, 195, 195, 195, 48, 48, 48, 48, 48, 48, 48, 48, 48, 48, 48, 48, 48, 48, 48, 48, 48, 48, 48, 48, 48, 48, 48, 48, 48, 48, 48, 48, 48, 48, 164, 164, 164, 164, 164, 164, 164, 164, 164, 164, 164, 164, 164, 164, 164, 164, 164, 164, 164, 164, 49, 49, 49, 49, 49, 49, 49, 49, 49, 49, 113, 113, 113]
Menu: 
End Menu
