ID: 290
Type: Cave AzaleaTown 52,51
Event: RocketEncounter1
Trainers: 
Trainer: 109 Rocket Grunt 120 270 C:\Users\paris.nelson\Documents\PT\PT\Sprites\RocketGruntF.png
   Pokemon: 19 21 7 0 -1 70 false false null null Female [155 30 30, 225 30 30, 224 35 35, null]__[1, 1, 1, 1, 1, 1]__[0, 0, 0, 0, 0, 0]__[21, 12, 10, 8, 10, 15]
   Pokemon: 41 24 8 0 -1 70 false false null null Female [216 20 20, 105 15 15, null, null]__[1, 1, 1, 1, 1, 1]__[0, 0, 0, 0, 0, 0]__[24, 12, 10, 9, 11, 13]
   Pokemon: 41 26 9 0 -1 70 false false null null Male [216 20 20, 105 15 15, null, null]__[1, 1, 1, 1, 1, 1]__[0, 0, 0, 0, 0, 0]__[26, 13, 11, 10, 12, 15]
   Pokemon: 23 28 11 0 -1 70 false false null null Male [144 35 35, 107 30 30, 250 20 20, null]__[1, 1, 1, 1, 1, 1]__[0, 0, 0, 0, 0, 0]__[28, 18, 14, 14, 17, 17]
 End Trainer
Trainer: 110 Rocket Grunt 1200 270 C:\Users\paris.nelson\Documents\PT\PT\Sprites\RocketGruntM.png
   Pokemon: 41 26 9 0 -1 70 false false null null Male [216 20 20, 105 15 15, null, null]__[1, 1, 1, 1, 1, 1]__[0, 0, 0, 0, 0, 0]__[26, 13, 11, 10, 12, 15]
   Pokemon: 41 26 9 0 -1 70 false false null null Male [216 20 20, 105 15 15, null, null]__[1, 1, 1, 1, 1, 1]__[0, 0, 0, 0, 0, 0]__[26, 13, 11, 10, 12, 15]
   Pokemon: 109 35 14 0 -1 70 false false null null Male [193 20 20, 224 35 35, 143 40 40, null]__[1, 1, 1, 1, 1, 1]__[0, 0, 0, 0, 0, 0]__[35, 23, 31, 22, 17, 15]
 End Trainer
End Trainers
Wild Pokemon: 5 8
[41, 41, 41, 41, 41, 41, 41, 41, 41, 41, 41, 41, 41, 41, 41, 41, 41, 41, 41, 41, 41, 41, 41, 41, 41, 41, 41, 41, 41, 41, 41, 41, 41, 41, 41, 41, 41, 41, 41, 41, 41, 41, 41, 41, 41, 41, 41, 41, 41, 41, 41, 41, 41, 41, 41, 41, 41, 41, 41, 41, 41, 41, 41, 41, 41, 41, 41, 41, 41, 41, 41, 41, 41, 41, 41, 41, 41, 41, 41, 41, 41, 41, 41, 41, 41, 79, 79, 79, 79, 79, 79, 79, 79, 79, 79, 79, 79, 79, 79, 79]
[41, 41, 41, 41, 41, 41, 41, 41, 41, 41, 41, 41, 41, 41, 41, 41, 41, 41, 41, 41, 41, 41, 41, 41, 41, 41, 41, 41, 41, 41, 41, 41, 41, 41, 41, 41, 41, 41, 41, 41, 41, 41, 41, 41, 41, 41, 41, 41, 41, 41, 41, 41, 41, 41, 41, 41, 41, 41, 41, 41, 41, 41, 41, 41, 41, 41, 41, 41, 41, 41, 41, 41, 41, 41, 41, 41, 41, 41, 41, 41, 41, 41, 41, 41, 41, 79, 79, 79, 79, 79, 79, 79, 79, 79, 79, 79, 79, 79, 79, 79]
[41, 41, 41, 41, 41, 41, 41, 41, 41, 41, 41, 41, 41, 41, 41, 41, 41, 41, 41, 41, 41, 41, 41, 41, 41, 41, 41, 41, 41, 41, 41, 41, 41, 41, 41, 41, 41, 41, 41, 41, 41, 41, 41, 41, 41, 41, 41, 41, 41, 41, 41, 41, 41, 41, 41, 41, 41, 41, 41, 41, 41, 41, 41, 41, 41, 41, 41, 41, 41, 41, 41, 41, 41, 41, 41, 41, 41, 41, 41, 41, 41, 41, 41, 41, 41, 79, 79, 79, 79, 79, 79, 79, 79, 79, 79, 79, 79, 79, 79, 79]
Menu: 
End Menu
