64
141
208
65
142
209
66
143
210
53
72
160
52
71
159
55
113
172
57
116
58
162
62
147
82
122
93
163
59
117
194
60
118
195
68
129
63
178
76
109
54
171
78
132
184
70
128
75
138
81
153
69
148
80
174
74
149
91
213
77
131
185
75
145
186
75
146
193
84
151
191
105
205
73
134
177
152
192
99
164
89
161
94
96
158
100
176
90
157
97
203
95
126
190
108
102
165
115
206
103
150
98
212
87
124
139
140
127
114
173
135
204
255
166
175
83
155
111
170
106
207
136
187
137
156
167
200
211
20
214
219
61
92
196
197
198
130
99
199
99
199
202
154
215
216
217
67
144
218
220
64
64
141
208
65
142
209
66
143
210
57
116
58
162
54
134
54
134
204
90
156
42
37
39
74
114
73
171
59
117
194
184
58
153
135
185
74
136
176
94
52
146
147
52
137
197
197
107
164
147
61
177
149
60
118
125
108
196
63
178
100
200
80
200
132
124
189
78
154
78
160
113
78
164
183
168
168
114
204
207
124
189
180
165
106
91
138
87
106
117
200
255
216
217
215
67
144
218
220
220
64