47,48,51,55,56,57,58,62,64,65,66,67,72,76,77,79,80,85,89,90,94,96,100
47,48,51,55,56,57,58,62,64,65,66,67,72,76,77,79,80,85,89,90,94,96,100
47,48,50,51,55,56,57,58,60,62,64,65,66,67,72,76,77,79,80,85,89,90,94,96,100
46,47,48,51,53,55,56,58,62,65,66,68,69,72,73,76,77,79,80,83,84,85,89,90,93,94,96,99
46,47,48,51,53,55,56,58,62,65,66,68,69,72,73,76,77,79,80,83,84,85,89,90,93,94,96,99
46,47,48,50,51,53,55,56,58,60,62,65,66,68,69,71,72,73,76,77,79,80,82,83,84,85,89,90,92,93,94,96,97,99
46,47,48,49,51,53,55,58,59,61,62,63,65,66,68,72,73,76,77,78,79,80,85,89,90,98,99,101,102
46,47,48,49,51,53,55,58,59,61,62,63,65,66,68,72,73,76,77,78,79,80,85,89,90,98,99,101,102
46,47,48,49,50,51,53,55,58,59,60,61,62,63,65,66,68,71,72,73,76,77,78,79,80,85,89,90,98,99,101,102


48,51,55,56,57,58,60,62,64,65,66,67,72,74,77,79,80,84,89,90,95,100


48,51,55,56,57,58,60,62,65,66,72,77,79,80,81,84,89,90,96
48,51,55,56,58,62,65,66,72,76,77,79,80,84,88,89,90,91,92,97
48,51,55,56,58,62,65,66,72,76,77,79,80,84,88,89,90,91,92,97
48,51,55,56,58,60,62,65,66,72,76,77,79,80,84,88,89,90,91,92,97
47,48,50,51,53,55,56,58,59,61,62,65,66,68,70,72,73,75,76,77,79,80,84,85,89,90,91
47,48,50,51,53,55,56,58,59,60,61,62,65,66,68,70,72,73,75,76,77,79,80,84,85,89,90,91,96,99
48,51,55,56,58,62,65,66,72,76,77,79,80,84,88,89,90,91,92,97
48,51,55,56,58,60,62,65,66,72,76,77,79,80,84,88,89,90,91,92,97
47,48,51,55,56,58,62,64,65,66,71,72,73,77,79,80,81,89,90,91,99
47,48,51,55,56,58,60,62,64,65,66,71,72,73,77,79,80,81,89,90,91,99
46,47,48,49,51,52,55,58,62,63,65,66,68,70,72,76,77,79,80,84,85,86,88,89,90,99,100
46,47,48,49,51,52,55,58,60,62,63,65,66,68,70,72,76,77,79,80,84,85,86,88,89,90,91,99,100
46,47,48,49,51,53,54,55,56,58,62,65,66,68,71,72,73,76,77,79,80,82,84,85,88,89,90,91,94,96,99
46,47,48,49,51,53,54,55,56,58,60,62,65,66,68,71,72,73,76,77,79,80,82,84,85,88,89,90,91,94,96,99
47,48,51,55,56,58,59,62,63,65,66,68,70,72,76,77,79,80,85,88,89,90,91
47,48,51,53,55,56,58,59,62,63,65,66,68,70,72,76,77,79,80,85,88,89,90,91,99
46,47,48,49,50,51,53,55,56,58,59,60,61,62,63,65,66,68,70,71,72,75,76,77,78,79,80,82,83,85,86,88,89,90,91,93,94,98,99
47,48,51,55,56,58,59,62,63,65,66,68,70,72,76,77,79,80,85,88,89,90,91
47,48,51,53,55,56,58,59,62,63,65,66,68,70,72,76,77,79,80,85,88,89,90,91,99
46,47,48,50,51,53,55,56,58,59,60,61,62,63,65,66,68,70,71,72,75,76,77,78,79,80,82,83,85,86,88,89,90,91,93,94,98,99
46,47,48,49,51,52,54,55,56,58,59,62,63,65,66,67,68,70,72,74,75,76,77,78,79,80,83,85,86,87,88,89,90,93,95,99,100
46,47,48,49,51,52,54,55,56,58,59,60,62,63,65,66,67,68,70,72,74,75,76,77,78,79,80,83,85,86,87,88,89,90,93,95,99,100
47,48,51,55,56,58,62,65,66,68,72,73,77,79,80,83,84,89,90
47,48,50,51,55,56,58,60,62,65,66,68,72,73,77,79,80,83,84,89,90
46,47,48,49,51,52,54,55,56,58,59,62,63,65,66,67,70,72,74,75,76,77,78,79,80,83,85,86,87,88,89,90,93,95,99,100
46,47,48,49,51,52,54,55,56,58,59,60,62,63,65,66,67,70,72,74,75,76,77,78,79,80,83,85,86,87,88,89,90,93,95,99,100
48,51,55,56,58,62,64,65,66,72,77,79,80,84,88,89,90,91,92
48,51,55,56,58,60,62,64,65,66,72,77,79,80,84,88,89,90,91,92
48,51,55,56,57,58,62,64,65,66,67,72,77,79,80,81,89,90,96,100
48,51,55,56,57,58,62,64,65,66,67,72,77,79,80,81,89,90,96,100
48,51,55,56,57,58,60,62,64,65,66,67,72,77,79,80,81,89,90,96,100
48,51,53,55,56,57,58,62,64,65,66,67,72,73,77,79,80,81,89,90,91,94,96,100
48,51,53,55,56,57,58,60,62,64,65,66,67,72,73,77,79,80,81,89,90,91,94,96,100
48,51,55,56,57,58,62,64,65,66,67,72,74,77,79,80,81,84,89,90,91
48,51,55,56,57,58,60,62,64,65,66,67,72,74,77,79,80,81,84,89,90,91,100
48,51,53,55,56,58,62,65,66,71,72,73,76,77,79,80,81,89,90,91,96
48,51,53,55,56,58,60,62,65,66,71,72,73,76,77,79,80,81,89,90,91,96
47,48,51,52,54,55,56,58,61,62,65,66,68,70,72,75,76,77,79,80,84,85,87,88,89,90,91,95
47,48,50,51,52,54,55,56,58,60,61,62,65,66,68,70,72,75,76,77,79,80,84,85,87,88,89,90,91,95
46,47,48,51,53,54,55,58,59,61,62,63,65,66,68,72,73,76,77,78,79,80,84,89,90,98,99,100,101,102
46,47,48,51,53,54,55,58,59,60,61,62,63,65,66,68,72,73,76,77,78,79,80,84,89,90,94,98,99,100,101,102
46,47,48,51,53,54,55,56,58,59,62,65,66,68,70,72,73,76,77,78,79,80,84,85,86,88,89,90,91,93,99
46,47,48,51,53,54,55,56,58,59,60,62,65,66,68,70,72,73,76,77,78,79,80,84,85,86,88,89,90,91,93,99
47,48,50,51,53,55,56,58,62,65,66,68,69,72,73,77,79,80,83,84,89,90
47,48,50,51,53,55,56,58,60,62,65,66,68,69,72,73,77,79,80,83,84,89,90
47,48,51,55,58,59,61,62,63,65,66,72,74,77,79,80,85,89,90,91,98,101,102
47,48,51,53,55,58,59,61,62,63,65,66,71,72,74,77,78,79,80,85,88,89,90,91,98,99,101,102
46,47,48,51,53,55,58,59,60,61,62,63,65,66,71,72,74,77,78,79,80,85,88,89,90,91,98,99,101,102
46,47,48,51,52,54,55,56,58,62,63,65,66,72,74,75,77,78,79,80,86,87,89,90,91,93,95,100
46,47,48,51,52,54,55,56,58,62,63,65,66,72,73,74,75,77,78,79,80,86,87,89,90,91,93,95,100
46,47,48,51,52,54,55,56,58,60,62,63,65,66,72,73,74,75,77,78,79,80,86,87,89,90,91,93,95,100
46,47,48,51,53,55,56,58,62,65,66,71,72,73,76,77,78,79,80,83,86,88,89,90,91,93,99
46,47,48,51,53,55,56,58,62,65,66,71,72,73,76,77,78,79,80,83,86,88,89,90,91,93,99
46,47,48,51,53,55,56,58,60,62,65,66,71,72,73,76,77,78,79,80,83,86,88,89,90,91,93,99
48,51,55,56,57,58,62,64,65,66,67,72,77,79,80,81,89,90,96,100
48,51,55,56,57,58,62,64,65,66,67,72,77,79,80,81,89,90,96,100
48,51,55,56,57,58,60,62,64,65,66,67,72,77,79,80,81,89,90,96,100
48,51,55,58,59,60,61,62,63,64,65,66,72,77,79,80,81,89,90,96,98,101
48,51,55,58,59,60,61,62,63,64,65,66,72,77,79,80,81,89,90,96,98,101
46,47,48,49,50,51,53,55,56,58,62,65,66,71,72,73,76,77,79,80,82,83,85,89,90,93,94,99
46,47,48,49,50,51,53,55,56,58,60,62,65,66,71,72,73,76,77,79,80,82,83,85,89,90,93,94,99
46,47,48,49,50,51,53,55,56,58,60,62,65,66,71,72,73,76,77,79,80,82,83,85,89,90,93,94,99
47,48,51,55,56,58,62,65,66,68,72,77,79,80,83,84,89,90
47,48,51,55,56,58,60,62,65,66,68,72,77,79,80,83,84,89,90
46,47,48,51,52,53,54,55,56,58,59,60,61,62,63,65,66,68,71,72,73,74,75,76,77,78,79,80,83,84,87,89,90,94,95,98,99,100
46,47,48,51,52,53,54,55,56,58,59,60,61,62,63,65,66,68,71,72,73,74,75,76,77,78,79,80,83,84,87,89,90,94,95,98,99,100
48,49,51,52,55,58,62,63,65,66,70,72,77,79,80,84,89,100
48,49,51,52,55,58,60,62,63,65,66,70,72,77,79,80,84,89,100
47,48,51,54,55,56,58,62,65,66,68,72,76,77,79,80,84,88,89,90,91,92,96,97
48,51,55,56,58,60,62,65,66,67,72,76,77,79,80,84,89,90,91,92,97
48,51,55,56,58,60,62,65,66,67,72,76,77,79,80,84,89,90,91,92,97
47,48,51,55,58,59,60,61,62,63,65,66,72,77,79,80,89,90,98,101,102
47,48,51,55,58,59,60,61,62,63,65,66,72,77,79,80,89,90,98,101,102
46,48,51,52,55,56,58,60,62,64,65,66,70,72,76,77,78,79,80,81,83,86,89,90,91,93
46,48,51,52,55,56,58,60,62,64,65,66,70,72,76,77,78,79,80,81,83,86,89,90,91,93
48,51,55,58,59,60,61,62,63,65,66,72,77,79,80,84,89,90,98,101
48,51,55,58,59,60,61,62,63,65,66,72,77,79,80,84,89,90,98,101
48,51,52,54,55,56,58,62,63,64,65,66,70,72,74,75,77,79,80,87,89,90,91,95
48,51,52,54,55,56,58,62,63,64,65,66,70,72,74,75,77,79,80,87,89,90,91,95
46,47,48,51,52,53,54,55,56,58,60,62,63,64,65,66,70,72,74,75,77,78,79,80,86,87,89,90,91,93,95,99
47,48,50,51,53,55,56,58,62,66,68,71,72,73,76,77,79,80,82,89,90,99
46,47,48,51,52,54,55,56,58,60,62,63,65,66,72,74,75,77,78,79,80,86,87,89,90,93,95,100
46,47,48,51,52,54,55,56,58,60,62,63,65,66,72,74,75,77,78,79,80,86,87,89,90,93,95,100
48,51,53,55,58,59,60,61,62,63,65,66,72,76,77,79,80,89,90,91,94,96,98,99,101
48,51,53,55,58,59,60,61,62,63,65,66,72,76,77,79,80,89,90,91,94,96,98,99,101
47,48,49,51,52,55,58,60,62,63,65,66,70,72,77,79,80,84,89,100
47,48,49,51,52,55,58,60,62,63,65,66,70,72,77,79,80,84,89,100
47,48,49,51,54,55,56,58,62,64,65,66,67,72,74,77,79,80,81,87,89,90,91,95,99,100
47,48,49,51,54,55,56,58,60,62,64,65,66,67,72,74,77,79,80,81,87,89,90,91,95,99,100
46,47,48,51,53,55,56,58,59,60,61,62,65,66,68,71,72,73,76,77,79,80,82,83,86,88,89,90,91,93,99
46,47,48,51,53,55,56,58,59,60,61,62,65,66,68,71,72,73,76,77,79,80,82,83,86,88,89,90,91,93,99
46,47,48,51,53,55,56,58,62,65,76,77,79,80,84,86,88,89,90,91,93,99
46,47,48,51,53,55,56,58,62,65,66,72,76,77,78,79,80,84,86,88,89,90,91,93,99
46,47,48,49,51,53,54,55,56,58,59,60,61,62,63,65,66,68,70,71,72,75,76,77,78,79,80,82,83,85,86,87,89,90,91,93,95,96,98,99
48,49,51,52,55,56,58,60,62,65,66,70,72,77,79,80,81,83,89,90,91
48,49,51,52,55,56,58,60,62,65,66,70,72,77,79,80,81,83,89,90,91
47,48,49,50,51,52,53,55,56,58,59,61,62,65,66,68,70,71,72,73,76,77,79,80,82,83,89,90,99
46,47,48,49,50,51,52,53,55,56,58,59,60,61,62,65,66,68,70,71,72,73,76,77,79,80,82,83,86,89,90,93,94,98,99
46,47,48,49,51,52,53,54,55,56,58,59,60,61,62,63,65,66,67,68,70,72,74,75,76,77,79,80,82,83,85,87,89,90,99,100
47,48,51,54,55,56,57,58,60,62,64,65,66,67,72,77,79,80,81,89,90,91,96,100
46,47,48,50,51,52,53,55,56,58,59,60,61,62,63,65,66,68,70,71,72,75,76,77,78,79,80,82,83,86,89,90,93,94,98,99
48,51,55,58,59,60,61,62,63,65,66,72,77,79,80,84,89,90,98,101,102
48,51,55,58,59,60,61,62,63,65,66,72,77,79,80,84,89,90,98,101,102
48,51,55,58,59,60,61,62,63,65,66,72,77,79,80,84,89,90,98,102
48,51,55,58,59,60,61,62,63,65,66,72,77,79,80,84,89,90,98,102
48,51,52,54,55,58,59,60,61,62,63,65,66,70,72,74,77,79,80,84,87,89,95,98,100,101,102
48,51,52,54,55,58,59,60,61,62,63,65,66,70,72,74,77,79,80,84,87,89,95,98,100,101,102
46,47,48,51,52,54,55,56,58,60,62,65,66,67,70,72,74,75,76,77,78,79,80,86,87,89,90,91,93,95,100
47,48,51,53,55,56,58,60,62,65,66,72,77,79,80,84,88,89,90,91,92,94,96
46,47,48,51,54,55,57,58,59,60,61,62,63,65,66,72,74,75,76,77,78,79,80,87,89,90,91,95
46,47,48,51,52,53,55,58,60,62,63,65,66,68,70,72,74,76,77,78,79,80,84,86,88,89,90,91,93,99,100
46,47,48,51,53,55,56,58,60,62,65,66,68,72,74,76,77,79,80,83,86,88,89,90,91,93,99
47,48,51,53,55,56,58,60,62,65,66,72,77,79,80,89,90,91,94,96,99
47,48,51,52,53,55,56,58,59,60,61,62,65,66,68,70,71,72,77,79,80,83,89,90,98,99

47,48,50,51,52,53,55,58,59,60,61,62,63,65,66,69,70,72,77,79,80,82,83,89,90,98,99,101,102
47,48,51,52,53,55,58,59,60,61,62,63,65,66,68,69,70,72,74,77,79,80,87,89,90,95,98,99,101

47,48,51,55,56,58,62,63,65,66,68,72,75,76,77,79,80,84,88,89,90
47,48,50,51,55,56,58,59,60,61,62,63,65,66,68,72,75,76,77,79,80,84,88,89,90,98,101,102
47,48,50,51,52,55,56,58,60,62,63,65,66,68,70,72,75,76,77,79,80,84,88,89,90,100
47,48,50,51,52,55,56,58,60,62,63,65,66,68,72,75,76,77,79,80,83,84,88,89,90
48,51,52,54,55,56,58,59,60,61,62,63,65,66,68,70,72,74,77,79,80,84,87,89,91,95,100
47,48,49,51,53,55,58,59,60,61,62,63,65,66,72,77,79,80,82,89,90,91,98,101
47,48,49,51,53,55,58,59,60,61,62,63,65,66,72,77,79,80,82,89,90,91,98,101
48,49,51,53,55,58,59,61,62,63,64,65,66,72,77,79,80,82,89,90,91
47,48,49,51,53,55,58,59,60,61,62,63,64,65,66,72,77,79,80,82,89,90,91,94,96,98,101
47,48,50,51,53,55,58,60,62,63,65,66,68,69,71,72,77,79,80,82,83,84,88,89,90,92,97
46,47,48,49,51,52,53,54,55,56,58,59,60,61,62,63,65,66,67,70,71,72,74,75,76,77,78,79,80,82,83,85,86,89,90,93,98,99
48,50,51,53,55,56,58,59,60,61,62,63,65,66,72,76,77,79,80,82,84,88,89,92,97
48,50,51,52,53,55,56,58,60,62,63,65,66,70,72,76,77,79,80,82,84,88,89,92,97,100
48,50,51,53,55,56,58,60,62,63,65,66,72,76,77,79,80,82,83,84,88,89,92,97
47,48,51,52,55,58,59,61,62,63,65,66,68,69,70,72,77,79,80,83,84,88,89,90,98,102
47,48,51,52,55,58,59,61,62,63,65,66,68,69,70,72,77,79,80,83,84,88,89,90,98,102
46,47,48,51,52,53,55,58,59,60,61,62,63,65,66,68,69,70,72,76,77,78,79,80,82,83,84,86,88,89,90,92,93,94,97,98,99,101,102
46,47,48,51,52,53,54,55,56,58,59,60,61,62,63,65,66,67,68,70,72,74,75,76,77,78,79,80,83,84,86,87,88,89,95,100
46,47,48,49,50,51,52,53,54,55,56,57,58,59,60,61,62,63,64,65,66,67,68,69,70,71,72,73,74,75,76,77,78,79,80,81,82,83,84,85,86,87,88,89,90,91,92,93,94,95,96,97,98,99,100,101,102
47,48,51,53,55,56,57,58,60,62,64,65,66,67,68,71,72,76,77,79,80,88,89,90,94,96,100
47,48,51,53,55,56,57,58,60,62,64,65,66,67,68,71,72,76,77,79,80,88,89,90,94,96,99,100
47,48,51,53,55,56,57,58,60,62,64,65,66,67,68,71,72,76,77,79,80,88,89,90,94,96,99,100
47,48,49,50,51,53,55,56,58,62,65,66,68,72,73,76,77,79,80,83,84,85,88,89,90,93,94,96
47,48,49,50,51,53,55,56,58,62,65,66,68,72,73,76,77,79,80,83,84,85,88,89,90,93,94,96,99
46,47,48,49,50,51,53,55,56,58,60,62,65,66,68,71,72,73,76,77,79,80,83,84,85,86,88,89,90,93,94,96,99
46,47,48,50,51,53,55,58,59,60,61,62,63,65,66,68,71,72,73,76,77,78,79,80,88,89,90,94,96,98,99,101
46,47,48,50,51,53,55,58,59,60,61,62,63,65,66,68,71,72,73,76,77,78,79,80,88,89,90,94,96,98,99,101
46,47,48,50,51,53,55,58,59,60,61,62,63,65,66,68,71,72,73,76,77,78,79,80,88,89,90,94,96,98,99,101
46,47,48,49,51,55,56,58,62,65,66,68,72,73,75,76,77,78,79,80,84,85,86,88,89,90,91,93,94,96,98
46,47,48,49,51,55,56,58,60,62,65,66,68,72,73,75,76,77,78,79,80,84,85,86,88,89,90,91,93,94,96,98,99
48,51,55,56,58,60,62,65,66,72,76,77,79,80,84,87,88,89,90,91,92,95,97,100
48,51,55,56,58,60,62,65,66,72,76,77,79,80,84,87,88,89,90,91,92,95,97,100
46,47,48,49,51,55,56,57,58,62,64,65,66,67,72,73,77,78,79,80,84,86,89,90,91,100
46,47,48,49,51,55,56,57,58,62,64,65,66,67,72,73,77,78,79,80,84,86,89,90,91,100
48,51,55,56,58,60,62,64,65,66,67,72,73,74,77,79,80,81,89,90,91,100
48,51,55,56,58,60,62,64,65,66,67,72,73,74,77,79,80,81,89,90,91,100
48,51,55,56,58,60,62,64,65,66,72,77,79,80,84,88,89,90,91,92,97
48,51,52,55,58,60,62,63,65,66,70,72,77,79,80,89,90,98,100,101,102
48,51,52,55,58,60,62,63,65,66,70,72,77,79,80,89,90,98,100,101,102
47,48,49,51,52,55,58,62,63,65,66,67,68,70,72,76,77,79,80,84,85,88,89,90,100
47,48,49,51,52,54,55,56,58,61,62,63,65,66,67,68,72,74,75,76,77,79,80,83,85,87,88,89,90,95,100
47,48,49,51,52,54,55,56,58,61,62,63,65,66,67,72,74,75,76,77,79,80,83,85,87,88,89,90,95,100
47,48,49,51,52,53,54,55,56,58,60,62,63,65,66,67,72,74,75,76,77,79,80,83,84,85,87,88,89,90,100
47,48,49,51,52,53,54,55,56,58,60,62,63,65,66,67,72,74,75,76,77,79,80,83,84,85,87,88,89,90,92,97,100
48,51,54,55,56,58,62,64,65,66,67,72,74,77,79,80,84,87,88,89,90,91,95,100
48,51,54,55,56,58,60,62,64,65,66,67,72,74,77,79,80,84,87,88,89,90,91,95,97,100
47,48,51,52,53,55,58,60,62,63,65,66,68,70,72,77,79,80,84,85,89,90,93,100
46,47,48,51,52,53,55,58,60,62,63,65,66,68,70,72,77,79,80,84,85,86,89,90,93,99,100
46,47,48,51,52,53,55,58,60,62,63,65,66,68,70,72,77,79,80,84,85,86,89,90,93,99,100
48,51,55,56,57,58,60,62,64,65,66,67,72,77,79,80,89,90,96,100
46,47,48,49,51,53,55,58,59,60,61,62,63,65,66,68,72,76,77,78,79,80,84,85,89,90,98,101,102
46,47,48,49,51,53,55,58,59,60,61,62,63,65,66,68,72,76,77,78,79,80,84,85,89,90,98,99,101,102
46,47,48,49,51,53,54,55,56,58,62,65,66,71,72,73,76,77,78,79,80,82,85,86,89,90,91,93,99
46,47,48,51,53,55,58,59,60,61,62,63,65,66,71,72,74,76,77,78,79,80,85,88,89,90,91,98,99,101,102
47,48,51,55,56,57,58,60,62,64,65,66,67,72,77,79,80,85,89,90,100
47,48,51,55,56,57,58,60,62,64,65,66,67,72,77,79,80,85,89,90,100
47,48,51,55,56,57,58,60,62,64,65,66,67,72,77,79,80,85,89,90,100
46,47,48,51,52,53,55,56,58,62,65,66,68,70,72,75,76,77,78,79,80,84,85,86,87,88,89,90,91,93,94,95,96,99
48,51,55,56,57,58,60,62,64,65,66,67,72,77,79,80,81,89,90,96,100
48,51,55,56,57,58,60,62,64,65,66,67,72,77,79,80,81,89,90,96,100
47,48,51,55,56,58,62,64,65,66,67,72,77,79,80,84,88,89,90,91,100
46,47,48,49,51,53,55,58,60,62,63,65,66,68,71,72,73,76,77,78,79,80,81,82,89,90,98,99,100,101
46,47,48,49,51,53,55,58,60,62,63,65,66,68,71,72,73,76,77,78,79,80,81,82,89,90,98,99,100,101
47,48,51,52,54,55,56,58,60,62,63,65,66,68,72,74,75,76,77,79,80,84,87,88,89,90,95,96,100
47,48,51,52,54,55,56,57,58,60,62,63,65,66,68,72,74,75,76,77,79,80,84,87,88,89,90,95,96,100
48,51,54,55,56,58,61,62,65,66,72,75,76,77,79,80,84,87,88,89,90,91,92,95,97
46,47,48,51,52,53,54,55,56,58,59,60,61,62,63,65,66,68,71,72,73,74,75,76,77,78,79,80,83,84,87,89,90,94,95,98,99,100,101
47,48,51,52,54,55,56,58,62,63,65,66,70,72,74,75,77,79,80,84,85,87,89,90,91,95,100


47,48,51,52,53,54,55,56,58,62,65,66,68,70,71,72,74,75,76,77,79,80,84,87,89,90,91,95,99
47,48,49,51,53,55,56,57,58,60,62,64,65,66,67,72,77,79,80,82,85,89,90,99
47,48,49,51,53,55,56,57,58,60,62,64,65,66,67,72,77,79,80,82,85,89,90,99
47,48,49,51,52,53,54,55,56,58,62,63,65,66,67,68,70,72,73,76,77,79,80,85,87,89,90,91,95,99
47,48,51,53,55,56,58,62,65,66,68,72,77,79,80,81,82,84,88,89,90,91,94,96,99
47,48,49,50,51,53,55,56,58,60,62,65,66,68,69,71,72,73,76,77,79,80,82,85,89,90,96,99
46,47,48,50,51,52,53,55,56,58,60,62,63,65,66,70,72,75,76,77,78,79,80,81,85,86,88,89,90,91,93,99
46,47,48,50,51,52,53,55,56,58,60,62,63,65,66,70,72,75,76,77,78,79,80,81,85,86,88,89,90,91,93,99
47,48,49,51,55,58,59,61,62,63,65,66,72,77,79,80,81,84,85,89,90,98,101,102
47,48,51,53,55,56,58,60,62,65,66,72,77,79,80,82,84,88,89,90,91,92,94,96,99
47,48,49,51,53,55,56,58,62,65,66,71,72,73,76,77,79,80,81,82,85,89,90,99,100
47,48,51,53,54,55,56,58,62,65,66,71,72,76,77,79,80,84,85,88,89,90,91,94,96,99
46,47,48,50,51,53,54,55,58,59,61,62,63,65,66,68,72,73,75,76,77,78,79,80,84,85,87,88,89,90,91,94,96,98,99
46,47,48,49,50,51,52,53,55,56,58,60,62,65,66,71,72,73,76,77,78,79,80,84,85,86,89,90,91,93,94,96,99
46,47,48,49,50,51,52,53,55,56,58,60,62,65,66,71,72,73,76,77,78,79,80,84,85,86,89,90,91,93,94,96,99
48,49,51,53,55,56,58,62,65,66,72,76,77,79,80,83,85,89,90
48,49,51,53,55,56,58,60,62,65,66,71,72,76,77,79,80,83,85,89,90,99
47,48,50,51,53,55,58,59,60,61,62,63,65,66,71,72,76,77,79,80,85,88,89,90,99
47,48,50,51,53,55,58,59,60,61,62,63,65,66,71,72,76,77,79,80,85,88,89,90,99
47,48,49,51,53,55,58,62,63,65,66,71,72,74,76,77,79,80,82,85,89,90,98,99,101
48,51,55,58,62,63,65,66,72,76,77,78,79,80,84,85,89,90,91,98,101
48,51,55,58,60,62,63,65,66,72,76,77,78,79,80,84,85,89,90,91,98,101
47,48,51,55,58,59,61,62,63,65,66,72,76,77,79,80,84,88,89,90,91,97
47,48,51,55,58,59,61,62,63,65,66,72,76,77,79,80,84,89,90,98,101,102
48,51,55,56,58,62,65,66,72,76,77,79,80,82,84,88,89,90,91,92,96,97
47,48,50,51,53,55,56,58,60,62,65,66,67,68,72,75,76,77,79,80,81,83,84,87,88,89,90,91,95
47,48,50,51,53,55,56,58,60,62,65,66,67,68,72,75,76,77,79,80,81,83,84,87,88,89,90,91,95,99
47,48,51,55,58,59,60,61,62,63,65,66,69,72,77,79,80,84,89,90,98,101,102
47,48,49,50,51,53,55,56,58,62,65,66,71,72,76,77,79,80,82,85,89,90,99
47,48,49,50,51,53,55,56,58,60,62,65,66,71,72,76,77,79,80,82,85,89,90,99
48,51,52,54,55,56,58,59,60,61,62,63,65,66,68,70,72,74,77,79,80,84,85,87,89,91,95,100
47,48,50,51,54,55,56,58,62,63,65,66,71,72,74,76,77,79,80,84,87,88,89,90,91,95,100

47,48,51,53,55,56,58,62,65,66,72,76,77,79,80,84,88,89,90,91,99
47,48,51,53,55,58,62,65,66,72,73,76,77,79,80,84,88,89,90,91,99
46,48,51,54,55,57,58,59,61,62,63,65,66,72,74,75,76,77,78,79,80,87,89,90,91,95
46,47,48,51,52,55,58,62,63,65,66,70,72,74,76,77,78,79,80,84,86,88,89,90,91,93,100
46,47,48,51,55,56,58,62,65,66,68,72,74,76,77,79,80,83,86,88,89,90,91,93
46,47,48,49,51,52,53,54,55,56,57,58,59,60,61,62,63,65,66,68,70,71,72,75,76,77,78,79,80,82,85,86,89,90,93,98,99
46,47,48,49,51,52,53,55,56,58,59,60,61,62,63,65,66,67,70,72,74,75,76,77,79,80,82,83,85,87,89,90,99,100
47,48,50,51,52,53,54,55,56,58,60,62,63,65,66,68,70,72,73,76,77,79,80,82,84,88,89,96,99,100
47,48,50,51,53,54,55,56,58,60,62,63,65,66,67,68,72,73,76,77,79,80,82,83,84,88,89,96,99,100
47,48,50,51,53,54,55,56,58,59,60,61,62,63,65,66,68,72,73,76,77,79,80,82,84,88,89,96,98,101,102
47,48,51,55,56,58,60,62,63,65,66,71,72,73,76,77,79,80,82,88,89,90
47,48,51,55,56,58,60,62,63,65,66,71,72,73,76,77,79,80,82,88,89,90
46,47,48,50,51,53,55,56,58,60,62,63,65,66,68,69,71,72,73,76,77,79,80,82,83,88,89,90,93,94,95,96,98,99
47,48,50,51,52,53,54,55,56,58,59,60,61,62,63,64,65,66,68,69,70,71,72,74,75,76,77,79,80,82,84,87,88,89,92,95,97,98,99,101,102
48,50,51,52,53,54,55,56,58,60,62,63,64,65,66,67,69,70,71,72,74,75,76,77,79,80,82,83,84,87,88,89,92,95,97,99,100
48,51,54,55,56,57,58,60,62,63,64,65,66,67,72,74,75,76,77,79,80,82,84,85,87,88,89,95,100