2
3

5
6

8
9

11
12

14
15

16
17

20

22

23

26

28

30
31

33
34

36

38

40

42
169
44
45/182

47

49

51

53

55

57

59

61
62/186

64
65

67
68

70
71

73

75
76

78

80/199

82


85

87

89

91

93
94

208
97

99

101

103

105




110

112

242


117
230
119

121


212





130



136/134/135/196/197



233
139

141






148
149



153
154

156
157

159
160

162

164

166

168


171

25
35
39
176

178

180
181


184



188
189


192


195









205




210






217

219

221


224




229


232




106/107/237

124
125
126





247
248



