1
1
1
4
4
4
7
7
7
10
10
10
13
13
13
16
16
16
19
19
21
21
23
23
172
172
27
27
29
29
29
32
32
32
173
173
37
37
174
174
41
41
43
43
43
46
46
48
48
50
50
52
52
54
54
56
56
58
58
60
60
60
63
63
63
66
66
66
69
69
69
72
72
74
74
74
77
77
79
79
81
81
83
84
84
86
86
88
88
90
90
92
92
92
95
96
96
98
98
100
100
102
102
104
104
236
236
108
109
109
111
111
113
114
115
116
116
118
118
120
120
122
123
238
239
240
127
128
129
129
131
132
133
133
133
133
137
138
138
140
140
142
143
144
145
146
147
147
147
150
151
152
152
152
155
155
155
158
158
158
161
161
163
163
165
165
167
167
41
170
170
172
173
174
175
175
177
177
179
179
179
43
183
183
185
60
187
187
187
190
191
191
193
194
194
133
133
198
79
200
201
202
203
204
204
206
207
95
209
209
211
123
213
214
215
216
216
218
218
220
220
222
223
223
225
226
227
228
228
116
231
231
137
234
235
236
236
238
239
240
241
113
243
244
245
246
246
246
249
250
251